0.00265498132989 -0.011397094332 1.10699957322 -0.285066797185 -0.106833074977 0.223666788316 -0.552989334711
0.00148473657987 0.579158542217 -0.566774097866 0.113166018744 -0.487560028836 0.597587128304 -0.252968104874
0.0450024948886 0.0543987977184 0.321175243152 -0.567584165297 -0.870923061013 0.220307558171 0.0434371334942
0.000906214303715 -0.118951548619 -0.48353150668 0.739172134542 -0.0107850015317 0.138526051637 0.661559672243
0.00209478212211 0.476284974955 0.494751536685 0.0609524050014 -0.0694640081537 -0.15281087001 -0.559792848819
0.00147600584724 0.127935181885 0.24371742698 0.268847706775 -0.803171642795 -0.170538149279 0.124686395866
0.00146763922055 -0.382862930431 0.576302264892 -0.845516167204 -0.185923989016 0.102921915129 -0.0991326899461
0.00261858194514 -0.428753067339 0.810711652355 0.699155434217 0.365249184719 0.36151622231 0.581795044231
0.00192674581608 0.0861009494469 -0.760860309304 -0.11375568465 -0.184228350441 0.601309087872 0.27299273967
0.00342987636974 -0.199079032732 -0.461286152096 -0.506152288391 0.367842628836 0.353786034854 0.228659954659
0.0177810863078 0.472379657395 0.0587457230333 -0.280517094769 0.733484327614 -0.467177935881 -0.211279129573
0.00254518766686 0.131772579593 -0.110274320905 0.148377431445 -0.0112504186947 -0.108605528554 0.128879436631
0.00111519429326 0.348560016951 0.891489249951 -0.285434960079 0.101795673834 0.0728914934896 -0.224439699177
0.00244564353576 0.482931989713 -0.533955390272 -0.269714050062 -0.529491409216 -0.158682790557 0.254224916343
0.00153065817152 -0.00647946050024 0.017267559445 0.439422575625 -0.38326339075 0.788599905315 0.185323287496
0.00280342747108 -0.434078453267 0.387989443994 -0.401551986284 0.316022227782 0.135246376649 -0.546595345833
0.00116771179738 0.503420401388 0.0246048349355 0.581576893264 -0.589365518321 0.243409509731 0.286379744427
0.00201516888039 -0.0946280162809 0.419961702567 0.358352283636 -0.0438929439766 -0.0609850937653 0.194032549495
0.00144964457365 0.192194300052 -0.874693203632 -0.657521940335 0.000265108479604 0.346483863887 0.10714910572
0.00124798975856 -1.15421343462 -0.00883727279128 0.0993542718046 -0.166811667649 -0.215288219621 -0.0927640615803
0.00180712120741 -0.185509138666 0.60102859464 -0.0836692649061 0.49284984421 -0.0421395477393 0.600539296528
0.0164479210644 0.00833267634331 0.356244683132 0.541350708906 -0.4774072032 0.180289788218 0.236806154063
0.00136850525106 -0.0469229970546 0.186246699313 0.232074701493 0.310950879258 0.603412292369 -0.101493696795
0.00200970921263 -0.711806790826 -0.555984685793 -0.373877209634 0.358656982549 -0.0748629482883 0.717641983411
0.0130115579943 -0.326452707622 0.585434248397 0.287763487068 -0.367821676998 0.103303672457 -0.354420768126
0.00284985446004 -0.880122399156 -0.241256253644 -0.229102132456 0.248430294123 0.708895158254 0.0947797567515
0.00190067818628 0.333162681286 -0.463878428059 0.114698192116 -0.328478105569 0.296779128313 0.259963282581
0.00603679034076 -0.206232061615 0.819708046829 -0.511609455212 0.165819278975 -0.732022704715 0.219408969597
0.00106224189039 -0.197814714703 -0.551663468355 -0.578007990391 -0.493657133241 -0.0176861530825 -0.613905804163
0.00182868254215 -0.52989958242 -0.42082466705 -0.0177267021892 -0.645418067372 -0.121021062002 0.383621904681
0.00158300769683 -0.443371076625 0.870173204876 0.375689765529 0.517071000576 -0.526170536445 -0.0414367857884
0.00449002736657 0.699776269109 0.591357351393 0.520160506046 0.567941816083 0.216482989215 0.0430376577348
0.000971750416925 -0.76165429861 0.500833086616 -0.276216414555 -0.459304354354 -0.647092192198 -0.0937250900124
0.000964670149213 -0.353442680927 0.34000395991 -0.871339806771 0.408830174899 -0.470760605738 0.518895404735
0.00525203589761 0.603011937828 -0.0628216909494 -0.914159660066 -0.0470980911339 0.0712401893018 0.826374163657
0.00106523120804 0.286203563347 0.534562794876 -0.294847250105 0.19347274516 0.786589454172 -0.183418391229
0.00119971538813 0.724412577266 -0.142240427884 -0.474121017351 0.650430255598 0.0752308614952 0.597090029493
0.00167621230585 0.524019552106 0.229371096215 -0.171589987731 -0.571075840493 0.104619369009 0.378871590651
0.00123266758387 -0.0548763878638 -0.757732804776 -0.585091747475 -0.208066472187 -0.205812871118 0.339983330519
0.00285306530315 0.470506763942 -0.426171169356 0.117775516496 0.0711962339766 0.274489492734 0.271436623533
0.00206503664596 0.223950800172 0.62882695273 -0.396746066259 -0.267038656425 -0.620751027827 0.157618991833
0.0045971146576 -1.02689042846 0.195871510009 -0.415698463991 0.310915904156 0.126714574273 -0.547477216603
0.00105719340202 0.768564438261 0.618448284448 -0.239335099592 -0.328009047507 -0.37723169181 -0.748041080645
0.000904779184487 0.253962992187 -0.00905468499868 0.180561636123 0.629486930373 -0.344798335694 -0.32509519086
0.00216271785458 -0.408583905238 -0.663874180837 -0.582549106888 0.266282221508 0.475829368427 -0.00126019723306
0.0416292065045 -0.888923264193 0.323035674414 -0.303584889798 -0.824078475548 0.161942178068 -0.245507686095
0.00512890152001 -0.278172921127 -0.198405068965 -1.05678933809 -0.254522338486 0.837616495045 -0.196090418219
0.00142849053253 0.404239962948 -0.500315846388 -0.861222198649 0.286012044609 0.224938793374 -0.78846921867
0.00217884812613 -0.506590778343 -0.404149231026 -0.841049545217 0.641541337032 0.133976229223 -0.307002381849
0.0020015062649 -0.0692116142207 0.0591619639429 0.821038428959 0.351626033588 0.393157789765 0.349272254109
0.00621217427102 0.814860111351 0.260767846263 -0.396014867297 0.200231890199 0.1944066518 0.421824178848
0.00116290308705 0.252766424675 0.219917746788 0.616432326941 0.480409181259 0.175891441324 0.102847456126
0.00158487531859 0.404675674572 0.391153380567 -0.626371385916 -0.138057441242 -0.227168303034 0.0205628699392
0.0049103515916 0.135886263799 0.403266351821 -0.251809185607 -0.587835425655 0.0655016317784 -0.0936063957199
0.00203899497298 -0.906483387374 -0.657451317446 0.180261020859 -0.335399040864 -0.207867793553 0.407197360618
0.00114772815511 0.322919789397 -0.437391801318 0.926201985284 0.601581396806 0.47106608948 0.289696005845
0.00255114809501 0.605367103231 -0.602252130443 -0.280005918764 -0.811181250678 -0.379158901651 0.0232639987197
0.00378216098207 -0.702371148051 0.548828816891 -0.610852493837 -0.187885831844 -0.295164884611 -0.17039690824
0.00126495544971 0.307111135183 -0.101116861346 -0.449319019418 0.550329142208 -0.293116375729 -0.305123860649
0.000971778585457 -0.488887820138 -0.870709250244 0.104063972488 -0.385274149843 0.477327168324 0.366058695175
0.00115829581602 0.0485273076743 0.71530757498 -0.0645391687186 0.45644505217 0.445510721514 0.132269768112
0.000970472355084 0.237417074323 -0.635124161189 0.56724849389 0.341772618617 0.319467928208 -0.70449311216
0.00104293961925 0.338229591839 -0.447257214128 -0.980458687759 -0.719506260128 0.514011409035 -0.146175590747
0.00347305059116 -0.689490532177 0.606832508564 0.00954571197999 -0.364922478102 0.479623629263 -0.110902436526
0.001992873359 0.285880519626 -0.601150003449 -0.030523004795 0.42363575233 -0.73341695629 -0.050203979495
0.0017916970953 0.0162475024998 -0.187283161107 -0.400596165731 0.123200124465 0.618691482526 0.14126119008
0.0010297180928 -0.565320881946 0.204360565249 -0.292623827569 0.633395453213 0.0333111363572 -0.000621418742425
0.00164285807542 0.623120132862 0.303480017567 0.765431097811 0.151545016606 0.466237335516 0.256825164618
0.0055406873443 -0.310115595144 0.931828747902 -0.506726991939 0.195688271917 0.473575436115 -0.577420328549
0.00101453026195 0.819951845533 -0.0966165846277 -0.409142424323 0.404408680493 0.217132932347 -0.143399224155
0.00111416814532 0.424084204125 0.434770657836 0.352616392819 -0.0867482653201 -0.831517245341 -0.253518189488
0.001909459095 0.292819441365 0.0184395371981 -0.596505407854 -0.403689772269 -0.399729821234 0.199225437323
0.00118743389509 0.385790867222 0.222243024927 -0.797592661856 -0.182564049595 -0.454082722813 -0.594326197702
0.00184125479565 0.727767996065 0.498541047309 0.645669750792 -0.0926119304634 -0.756466250472 -0.00739068403206
0.0020000103348 -0.598082551249 -0.147643391465 -0.332150849441 0.181470413304 -0.842750441634 0.274285247186
0.00146022806601 0.778434064941 0.488854725709 0.384362844102 -0.593948968538 -0.227183204536 -0.490329065864
0.00236753898435 0.680805423613 0.354396548952 0.309156679026 -0.103497664507 0.00999733752148 0.615941584417
0.0012405687388 -0.461496739098 -0.291258554722 -0.750015048623 -0.0163775291406 0.610517363467 0.330019231579
0.00121314767401 0.73265700321 0.350883683092 0.312187290806 -0.486683296774 -0.425134197095 0.462355217937
0.00192299890743 0.0953533560641 0.41446388913 -0.820115799013 -0.373963024327 0.567544457893 0.012040178614
0.00122635205225 -0.00770775581635 -0.346854090755 0.833260582586 0.000286279440662 0.452068560427 0.484704117561
0.00144441128727 0.115988097169 -0.449609914223 0.718348567739 -0.182486013204 0.485784436638 -0.677692972905
0.00165277530103 0.404347752081 0.022886609046 0.89702267881 -0.506839638843 0.379412904874 -0.482939337356
0.00103869915807 0.365590461111 -0.919182181303 -0.443098795508 0.555473426786 -0.663023998379 0.111028885751
0.000996684657464 0.405931764616 -0.0598079344436 -0.0208914792272 0.341095866956 0.0643359004491 -0.161535118883
0.000957666822243 0.348808613018 -0.686948575602 0.11838289796 -0.546950231639 -0.463914244559 0.490829472519
0.00173573219248 -0.905862637265 -0.0148088015395 -0.341840649539 0.582381998741 0.481932731896 -0.0138894760228
0.00618659204882 -0.505319400864 -0.776396582664 -0.283236510906 -0.643164785545 -0.0999903770759 -0.481637343033
0.0150337764226 0.802037048999 -0.733891853201 -0.159760068223 -0.453343002339 0.170845685685 -0.0421333333069
0.00202471464228 0.400089972443 -0.0184266346048 0.47366721528 0.400820354573 0.515969233192 0.260187129163
0.00646140097638 -0.935891259873 0.149744669326 0.662324162696 0.434952041648 0.475197158594 -0.108709351741
0.000916319137957 0.6501531481 -0.288098059529 -0.570515260785 0.360363048774 -0.120266943495 -0.771835500982
0.00346275664575 -0.674789559318 0.541214984739 -0.279311210887 -0.569441743746 0.0576572770733 0.399257937175
0.00156753016075 0.199489547466 0.662413755392 0.897545251141 0.557564147915 0.300803556989 0.089208087507
0.00142748300217 0.120702701117 0.0104397054633 0.989298474131 -0.438961831972 -0.332240854551 -0.235285980085
0.000925057710312 0.047919956108 -0.0587215873925 -1.07644808334 -0.159412326548 0.280931862256 0.445530121234
0.00157069617684 1.0186992492 0.217153564344 0.195625544042 0.394873562583 0.148467545351 -0.745059503895
0.000943627148634 0.447686435762 -0.857057774488 -0.296606964013 -0.0979047070143 0.0887755080356 0.0093469147841
0.00102267903252 0.567824720033 0.396407337913 0.415532618224 0.343410706529 -0.0425675910972 0.209201374133
0.0221642080918 -0.219408286254 0.33429647104 0.851728059291 -0.361718738781 -0.531062095827 -0.631777873082
0.00127696741124 -0.834157248308 0.391210756492 0.0569148150139 -0.0267679471103 0.501960647959 -0.012774337735
0.00150911788281 -0.470912456662 0.101209338039 -0.187912077057 0.46673946683 0.0695141221258 -0.47145792556
0.00105021410653 0.191783374385 0.489744218805 0.779403222357 -0.566829046147 0.550773088102 -0.171640008939
0.00360016360943 -0.234034415309 0.536836703504 -1.00017376263 0.119915394887 -0.0670125081725 -0.15449369732
0.007301723677 0.294271962066 -0.497384276763 0.459545778567 0.179325254417 -0.418014048472 -0.540312625132
0.00190071382226 -0.365941424662 0.588484685314 -0.0330746507549 0.138098824714 -0.432401438268 0.0996314246948
0.00132792958784 0.466190456871 0.766623568997 0.190481922095 -0.104672505617 -0.232831207777 -0.0405253735902
0.00811901731574 -0.608485170803 0.662134857634 -0.427775105631 0.627770524269 -0.252696696148 0.251907043783
0.00135723107109 -0.841688725185 -0.125117197525 0.613461940518 0.345085650278 -0.179455943058 -0.596128297489
0.00983389574279 0.893324308814 -0.359483285927 0.000848715265188 0.42146624914 -0.459402668276 -0.213333520057
0.00165123974403 0.774527883348 -0.669523829044 0.246264640078 -0.540989526178 0.052132935427 -0.0285805287773
0.00437544980598 -0.0638602013213 0.375475799117 0.212958473138 -0.270201380935 0.145562729968 0.793594880962
0.0010398169158 0.711339909073 0.297639920382 -0.7428093321 -0.137762017706 0.134432313696 -0.810826802147
0.00133317370152 0.289687215649 0.228229882625 0.663890585967 -0.333664286273 0.0299127119745 -0.0250708607104
0.00155160288555 0.327802526472 -0.867461184 0.0635232024393 0.0869705021998 0.470210321414 -0.367105502999
0.00109656689538 -0.325971878005 0.492770581171 0.768912951767 -0.607801085295 -0.443419891479 0.425269382469
0.0011504442252 -0.368120691565 -0.0133843184712 1.02897282215 -0.206600436554 -0.348707915824 -0.479068524543
0.000953893996885 -0.35404968945 -0.173507342504 -0.201340865881 0.272961063881 0.682541529692 -0.257979066594
0.0013860361662 0.30154137549 0.688731282534 0.530841837726 0.421790910509 -0.15931099769 -0.547415294225
0.000961011558047 -0.24241087577 0.0163824988824 -0.255626521043 -0.158957837865 0.164176869864 0.627566508464
0.00144170365083 0.0165672082335 -0.0406316899035 -0.0420596494451 -0.0834291681403 -0.266929910219 -0.616363055968
0.00178207118401 -0.129376309356 0.612257268898 0.775385215881 -0.707763775997 -0.247936160368 0.0483513427814
0.000944273452961 -0.324048781778 -0.888621144147 0.558523830651 0.275087087338 -0.580122154089 -0.127075152878
0.00326922136582 0.734798668162 -0.340156494275 -0.213219965571 0.0895632869949 -0.281985494084 -0.325395784777
0.00119448297493 -0.836583826237 -0.457714297845 -0.145897797918 -0.71894436015 0.495614195204 0.236671339465
0.000901356775614 -0.625517503807 -0.680775997963 -0.312984927451 0.0118016515852 0.0572206629809 0.749409680086
0.00821107839747 0.810962031011 -0.260917040831 -0.09561703768 -0.0933077415088 0.210838632702 0.277980390494
0.000890247575027 -0.407003409812 -0.423076896095 -0.472275282638 0.0224246899118 0.799325426507 -0.028462871725
0.00193302200973 -0.485096867429 0.430399982756 0.739948761568 -0.231278646973 -0.691876974992 0.304242960558
0.00199760770654 0.0357907901804 1.02732574962 0.0189279506149 0.368042229583 0.16425885263 -0.157435569596
0.00281582779236 0.94012568071 -0.510734596542 -0.211026353943 -0.358631593129 -0.527550868555 -0.0967507841837
0.00118176045237 -0.250651225267 -0.248295995311 -0.0238152604601 0.282132276434 0.306616343524 0.00256742469308
0.000938206734796 0.872986452262 0.552526248335 -0.419252425068 0.010765002972 0.637863956981 -0.0368212576208
0.000917383632293 1.06170070617 -0.0425055293372 -0.342509630019 -0.584206766846 -0.0631189126232 0.652617078609
0.00180943521815 -0.78873146126 0.0546391850869 -0.473631429747 -0.177448345175 0.0411886832956 -0.693386314937
0.00503617250598 -0.10671720932 -1.01262755683 0.0699799684284 0.278482515512 0.42669468854 0.317249714269
0.0013203630519 0.921308633478 0.680243119255 -0.00228397738835 0.0151514901574 -0.171791064928 0.754374991475
0.00145209257056 0.696309114046 0.853009210276 -0.322576434101 -0.11612471182 -0.621022314872 -0.404776339117
0.00209062456478 -0.5098765452 -0.292463036871 -0.103069335481 -0.311496777499 -0.0599262300226 -0.0340379270787
0.00240328757573 0.786836981624 0.229817286005 0.42367568804 0.31917194733 -0.0301677534789 0.787694263052
0.00136040571856 -0.849800597867 -0.0958794049922 0.335193359364 -0.401875919992 -0.306168586872 0.0540555225079
0.00140772042809 -0.367555440659 0.935603981445 0.0322627875728 -0.0596837411164 -0.529329110693 0.321055903581
0.00105939704593 -0.150787614097 -0.657581514828 -0.226027652023 0.632187198281 0.517385326814 0.24258943796
0.00548598745632 0.295737979788 -0.54267114148 -0.566078776856 -0.135216312422 -0.341514029001 0.106517956536
0.000941707986441 0.0937283215666 -0.0481739445394 1.10939709552 -0.339093474287 0.101507382916 0.218052704611
0.00152450581706 -0.810475035642 -0.100751482321 0.0900033903025 0.439054134419 0.674968110594 -0.0702305300605
0.0102103536112 -0.25032239072 -0.631825623409 0.929100998462 -0.593608514383 -0.0347770319079 0.682038317593
0.00175738516033 0.874007582994 -0.237242513423 -0.541911305982 -0.725922618699 -0.0209850829667 0.0977061709625
0.00676921386755 0.0176755716721 -0.766807980756 0.378384814983 0.50661897845 -0.12730771508 0.46054677757
0.00108569665996 0.903954707232 -0.313349186048 0.394062343689 -0.0294533561298 -0.139493865442 -0.305564026108
0.00139316789228 0.0813475528426 -0.192597240638 0.598388377149 -0.234662333876 0.07915949983 0.643462063973
0.00131423311749 -0.305979612211 0.736909039084 -0.340333297967 -0.32108224811 0.195410418462 0.638586968666
0.000983684689936 -0.512127508959 -0.142782192325 -0.929129042313 -0.537721329636 -0.371390796995 0.252305359324
0.172699523411 -0.733148541133 -0.391557630103 -0.127666665927 -0.350214925612 -0.345117564684 0.51420909428
0.00127423090986 1.01412497424 0.102079581899 0.0197656381903 -0.750573961301 0.206044445785 -0.378626215959
0.00111197140905 0.126016810944 -0.245326652877 -0.883672748342 -0.182600419188 0.64746284688 0.0360129314899
0.00317144899815 -0.394498397945 0.502310357513 -0.320426211178 -0.169184419665 0.393154402377 -0.449721579314
0.00200402126815 -0.941115614945 -0.467985855769 -0.133899630791 -0.351971185077 0.477318830588 -0.478031048002
0.00214945588278 -0.114843918593 0.00620345273923 0.858513750039 0.0486959176684 -0.611029399333 0.313088460259
0.00105465322445 -0.578716587581 0.39401421336 0.0664983684007 0.0836869616483 0.390502726711 -0.403583379142
0.00111327195509 -0.0633069888353 0.460250088274 0.481263318285 -0.290446086247 0.141855722285 -0.841882082926
0.00140283455792 -0.299930082187 0.398709371031 -0.626407824452 -0.157849218494 -0.410059420034 -0.490609052675
0.00134378778337 0.245942922281 0.479727419202 -0.930028634323 0.723453491422 -0.0518336903126 -0.135981073763
0.00135714604012 0.239589187221 0.889626359574 -0.369438552299 0.588445712088 -0.114797030748 -0.595756137479
0.00229886235402 -0.882029302807 -0.479739908281 0.100915096335 0.377681242981 -0.187461337106 0.168434243524
0.00215568780382 -0.232165901663 -0.57875757101 0.348817343761 -0.350555751908 -0.560535921387 -0.0970369875096
0.00117840920195 0.269735311477 -0.831043732534 -0.251448989588 0.289332355129 -0.0899837893521 0.616127691402
0.000947639412441 -0.443652286396 -0.104489099163 0.696659766716 0.703740481309 -0.0936226121617 0.0108452247559
0.00144820776882 0.0153874632312 -0.272927963013 0.0227032161443 0.299215426216 -0.39227094295 0.192875853698
0.00163757140609 0.80483060565 -0.581294462727 0.0352924748637 0.0139261160254 -0.339412874414 -0.506694264496
0.000929208836003 0.531003437911 -0.29289120168 -0.0163345134273 -0.144656086352 0.209215807949 0.710551805934
0.000960960856096 0.455576310916 -0.598863964615 0.414089578379 -0.251227215235 -0.628100975298 -0.0213088064289
0.0032578019155 0.380739704907 0.39768212004 -0.383778030498 0.276154168923 0.569710885015 0.563149925048
0.00308494426893 -0.514870230747 0.215483842273 0.0712894256546 0.413300503659 -0.000835630395321 0.0515610884437
0.00102463016538 0.240877032907 0.656865857156 0.0302091642327 -0.48696772254 -0.316474961075 0.629432405612
0.00103640223112 0.872865740755 -0.194472098335 -0.737593523879 0.582786087129 0.0876750414639 -0.595526012649
0.00413244951788 -0.667805975848 0.612705212426 -0.15608097231 0.0274269711873 -0.693229786362 0.174731198189
0.00223231860688 0.652872167339 -0.748503414693 0.58697746719 0.578566312833 -0.370649669917 -0.101331308023
0.00190657930428 0.881065977723 -0.0285337287994 0.6761176284 -0.00945893641222 0.0790744653039 0.901960116284
0.00141721757598 -0.353104899973 0.284578019937 -0.171749067295 -0.403559818464 -0.215121492912 -0.0487615770679
0.00136119854434 -0.836988541365 0.136836105194 0.737042288108 0.0597545897243 -0.868113775618 -0.0440462414024
0.00132366553675 -0.814625288887 -0.418090987592 -0.306997774018 0.202096716001 -0.278595167757 -0.465466436931
0.00977848422866 -0.57660619006 0.378066966276 0.758140094894 -0.713022152922 -0.133224163928 -0.27118687964
0.00105952894998 0.315407826136 -0.110650497209 -0.0490574275744 -0.677505678177 0.0458733019401 0.362821646685
0.00122392250217 -0.729882309969 -0.272338259748 0.330037104442 -0.224001041244 0.78046136413 0.143038467459
0.00148032797041 -0.778053297071 -0.119332238305 -0.170723941894 0.450630038246 0.535690921197 0.289979037968
0.00288999160664 -0.815108073294 0.215715623394 -0.0514469203387 -0.115953695079 0.615333304094 0.555727244929
0.00114217832309 0.632900008979 -0.210808168795 0.799973386348 -0.0490524625825 -0.369197211262 0.285192303513
0.00649450654425 -0.524231350694 0.10237022521 0.503442665624 0.0716703726888 -0.649970537459 -0.548623412533
0.00127608557117 -1.0035346697 0.521025261277 0.0515757009816 -0.0540181571626 0.0178093357361 0.0626728990597
0.00099815330722 -0.772442847878 -0.365163415348 0.212391310521 -0.0597805782265 -0.169328456431 -0.821711116147
0.00644947376363 -0.115696965136 -0.094970981142 0.428634610815 -0.763638191191 -0.221504813481 0.0463281883162
0.00122815496255 0.214940797016 0.185079745389 -0.203908507491 -0.275309041345 0.237251153447 -0.334115010542
0.00105402300772 -0.353153067751 0.473099609886 -0.239277437542 0.0791968864964 -0.524339882706 -0.298635284848
0.00105560640099 -0.391176356632 -0.574321161396 0.373972419285 0.288611483237 0.598014248828 -0.381337790927
0.00245868214155 -0.155785699458 0.765473943997 -0.523660706889 -0.188658810467 0.160274212472 -0.0735254638307
0.00134910301261 -0.74045628778 0.729584498675 0.396808104072 0.198701112631 0.597403693333 0.153766780519
0.00162932527241 0.152121826546 0.893432113688 0.272577508096 0.39511491699 -0.69896974559 -0.351152173623
0.0015796477947 -0.833821938114 0.471159197898 -0.149698085771 0.00445040866234 0.427695311392 0.646287886155
0.000940123976353 0.616354052712 0.764392933382 0.553264962946 0.249616393597 0.125291479276 -0.490034440884
0.00609307313804 0.0600093373063 1.10044801781 0.114353202999 0.662882970464 0.0402656824912 0.379305771502
0.00321270558197 -0.951150102063 -0.425015513375 0.140070515932 -0.70106777446 -0.16868952155 -0.350290938017
0.00165452097667 -0.645973460017 0.355079435394 0.428003503404 0.00834182094425 0.140013263396 -0.0522240365429
0.00150529966962 1.13680006795 -0.159677701496 -0.0796246154463 -0.160110877992 -0.343172936851 0.545960590868
0.00103247611142 -0.621895816188 -0.883868408144 -0.22765314869 -0.100344449152 0.627574606019 -0.17278418119
0.000930154900803 -0.331485533061 0.385265340972 -0.666955016834 -0.168830001155 -0.367377058252 0.542489856165
0.00137999043081 0.786694113948 0.477548306452 0.0943584417926 -0.663718707222 -0.510134772293 0.10295209612
0.0136632101203 -0.509076015723 -0.918900569831 -0.0210018718035 -0.0436496492951 -0.411912664398 0.153193272245
0.00199950467448 0.538818630966 0.459038897403 -0.434078350249 -0.404941526793 -0.316595963608 -0.598327498627
0.00117921563353 0.0588246466601 0.0704208786479 0.946452992075 -0.604967502074 -0.371667664311 0.0684915729211
0.00131826075556 0.294908227865 -0.675575710697 0.454148862136 0.515175081553 0.478329679321 0.306363396752
0.0011124831745 -0.466506437184 0.197136005333 -0.192582627436 -0.210012002838 0.322337661993 -0.218723270027
0.00235767264309 0.218267950785 0.0362865506697 0.158309196175 -0.337208424032 0.310655115909 -0.746835853082
0.00153787104674 0.423472089479 0.74323443154 0.555649468688 -0.252440601868 -0.144614236298 0.0957023756141
0.00116782383347 0.33059209674 -0.302814127737 0.0100648841918 0.0169599744636 0.0852117061506 -0.628896471397
0.00133838592017 0.121990026796 -0.491052137211 -0.0156152428645 -0.145444294463 0.178412913362 0.305750131732
0.00110526816954 -0.582583700728 0.11287596201 -0.768720125416 0.437021547519 -0.353844691647 0.43324701958
0.0010729615247 -0.0198915228177 0.770435746855 -0.711152547861 0.200939607268 0.343026942592 0.577840619544
0.00113866481902 -0.86369226152 -0.666015274929 -0.17639052718 0.137793732256 0.482381933514 -0.351483430445
0.000894360253999 0.830014368502 -0.0717227651264 -0.202666089213 0.4247586476 -0.710795531336 0.246279403832
0.00145311438777 -0.676719239465 0.746460447949 0.3053778225 0.19272600999 0.0159292338434 0.679656603991
0.00126350307144 0.0801119344423 0.0851507043408 -0.696257640465 0.824662698773 -0.2305708434 -0.290053294053
0.00364297902435 -0.527811011571 -0.255762166238 -0.802143895394 0.0436879201742 0.289143048363 0.449149706374
0.0011924679874 -0.336470185099 -0.539156038063 -0.0948414041249 0.553276071313 -0.464657093588 -0.0328695105702
0.00225534857756 0.00471004723324 -0.379820870016 -0.534022791464 -0.378592275526 -0.273837474298 -0.551392975695
0.00121743232761 -1.03266389977 0.272132513254 -0.107782377329 0.518459441145 -0.320736421393 0.538419009434
0.00523936822243 -0.212341436099 0.133440986069 -0.843466523661 -0.460011218199 -0.656228738805 -0.163438952731
0.00662738441546 -0.317080347795 -0.332111458938 -0.953626961486 0.025929281487 0.302471804246 0.602525790564
0.00111644206929 -1.11595747198 0.240299941605 0.2102245374 -0.0266217210294 -0.567687611149 -0.650794361052
0.00102436395953 0.211038260451 -0.929634678026 -0.253490150255 0.0685201436287 -0.762369714424 -0.153669922656
0.00146528711258 -0.603349492088 -0.497101137351 -0.338870696252 0.0861386668374 -0.248603362781 0.745149051933
0.000996471970623 -0.379319977982 0.0619307777449 -0.132489326446 0.0168156114873 -0.157820385302 -0.0647030153703
0.00307004692499 -0.408109866779 -0.262511462975 0.0908555675319 0.299356689929 0.249734822287 0.380708293084
0.00432217421767 0.435286366367 -0.431609295638 0.83460122611 0.258378749258 -0.547000687069 0.56920875802
0.001033448609 -0.762473002809 0.650994569867 0.426703251074 0.441913082577 -0.1763760547 0.757546154205
0.00109770039666 -0.707811232233 0.612773170294 -0.152890682381 0.408368090801 -0.234239984637 -0.381462689573
0.00151050330816 -0.131757997088 0.435837796313 0.296832947089 0.00417165186968 0.305350249035 0.778928992601
0.0587813363748 -0.267214579824 0.73771815923 0.575903978715 0.140925642592 -0.693566178938 0.0215814323522
0.00595945001583 -0.504436779573 -0.949071115852 0.351226688991 0.231543436478 -0.134908340935 0.165245357498
0.00463462661066 -0.533540234799 0.869591125789 0.377113095939 0.385953090735 0.279412181235 0.263167644431
0.00138926052336 0.727594617664 -0.558550477554 0.444307233085 -0.551019172592 -0.539764049139 -0.146374329908
0.000950036362844 0.641814464867 -0.156454099025 0.524237791054 -0.394282996172 -0.358600233141 -0.268830720818
0.0103828400804 0.00672150027366 0.473851678326 0.676744424222 -0.303361268832 -0.134490754539 0.361214861195
0.00349334715999 -0.52998987367 -0.558369080108 0.559826136863 0.546632548156 -0.170807519992 0.465951804835
0.00158763229071 -0.72024152341 0.148527729159 -0.385286626789 -0.349323013574 -0.592557688892 0.10773852034
0.00110430751314 0.3517725564 0.721593453595 0.307370405871 0.0659938864193 0.552746098159 -0.404131470659
0.000990766536518 -0.542485937852 -0.501317711016 -0.298749568083 -0.225894414003 0.289248631512 -0.404903092785
0.00102199534007 0.136319080257 0.550907163721 0.252795432648 0.24674487379 0.435133476793 0.404779266066
0.00106345447163 0.264546870907 -0.172363509725 -0.197632138187 0.117686978464 -0.727567472244 0.308167765714
0.00182671356183 -0.693886676803 -0.138291087265 -0.167160036488 -0.0170842577746 -0.103250502913 0.79529723911
0.0512627077992 -1.02516923476 -0.227841174945 -0.38475623937 -0.43204902976 0.345734908349 0.148028437645
0.00510800704753 0.195933993464 -0.900579681322 -0.696411867292 -0.390965842079 -0.179203621104 0.562621425676
0.000902249465349 0.494149465636 -0.146358296408 0.871265334964 -0.204688600521 -0.387621945341 -0.551907688962
0.00212050005101 0.215024766722 1.08823889482 -0.111535353156 -0.143109543186 0.528408071705 -0.16157877477
0.00102168523911 0.593400970018 0.30537676909 -0.238036643973 -0.142957269381 -0.394603053153 0.0571740127196
0.00224465928831 1.01795996141 -0.50446164767 0.0382228447572 0.0448672005805 0.856509854485 0.0276847505976
