0.000615290007529 -0.411075967174 0.443358979615 -0.152975926548 0.435427749304 0.419295104137 0.199327167344
0.00067998917735 -0.621071607624 0.0610782722528 -0.227464671386 0.263103487582 0.0853900871504 0.203282124771
0.00122848808612 -0.301918695579 0.234650652541 -0.33166044668 -0.113635092543 0.136849357205 -0.171481326196
0.000842408868646 -0.113469023116 -0.653060153796 0.405725975614 0.493844455169 0.583021148645 -0.23731978034
0.00082719372098 0.330821492108 -0.289976586605 -0.603131648039 -0.0883377518006 -0.476284506037 0.0444206708854
0.00147434277795 -0.187059306739 -0.391073951039 0.356138534613 0.0781763087279 0.678686736586 -0.102150502167
0.0012360808175 -0.691636471378 -0.289278316306 0.308985798189 -0.188037606541 0.302898779831 0.0443022652223
0.00183448815473 -0.472889953045 -0.634464597782 0.61645427035 0.0634298708176 -0.422706503184 0.040142194802
0.000972866204286 0.155621888454 0.966457820915 0.441862794273 -0.0372596357211 0.561873458615 0.581034302646
0.000727897520753 0.277411803741 0.999418047046 0.250818476036 -0.303439415882 0.350210582083 0.482069550028
0.000919400432743 -0.297155012209 -0.112948856375 0.834449240199 -0.0899965380516 -0.459348242773 0.111177585366
0.000838792808179 0.725644046202 0.662824109635 0.360175446365 0.0506836226377 0.434538193172 -0.628438338995
0.00292738476929 0.944332908644 -0.523610313669 -0.0882199483885 0.631718998085 0.468705518518 0.0458632557621
0.000643966951064 0.488448089905 -0.119698159254 0.365100408701 -0.0380283169706 0.324820553684 -0.503789607892
0.000612891143525 -0.818973463586 -0.603428285213 -0.554155302906 0.630627019367 0.46581909554 0.177991459358
0.000689121626233 0.175523508656 -0.210336104622 -0.0801366384786 -0.509864957553 -0.215473966686 0.023409701763
0.00122584670972 0.508784654261 0.57793765301 0.257788549312 -0.765988584913 -0.268311339261 0.247154210427
0.00195711561907 0.198953362035 0.547895730127 0.237982657114 0.0211704829722 -0.254277716355 -0.356107225172
0.000675471028557 -0.0682611302366 1.05917778445 -0.26979530993 0.627951570896 0.21556987926 0.253386805171
0.000820009790379 0.26653580547 -0.382264222084 -0.125632618912 0.00375658014439 0.117832383714 0.399200063544
0.00092254724073 0.460211105549 0.241391380255 -0.559261899042 0.357177645642 0.191716425051 -0.163382722734
0.00102440873266 -0.147620162874 0.922088584414 -0.340201972878 0.482421926042 0.193915715919 -0.692849643152
0.000770778006313 -0.284373236958 0.711598483182 -0.490217316661 0.650870974881 0.235731096981 0.119687259868
0.00471522998017 0.093619655946 -0.397409762568 -0.547135508486 -0.195432616565 0.26708226573 0.0540083302579
0.000937702115618 0.82213389158 -0.501108578108 -0.359200710026 -0.373474051795 -0.469124168581 -0.296970254387
0.00148713670326 0.498083279261 -0.750047913874 -0.552600123918 0.454508629482 0.559742478336 0.0366356180599
0.00188079360854 -0.685685576584 0.864392410418 0.313485607736 -0.365952372319 0.571725774957 0.140364210298
0.000818880273073 0.122751512314 0.474627001955 -0.205950729178 0.633035590299 0.0272902319255 -0.54499222141
0.000697740196979 -0.623264109861 0.624465524545 -0.35116734025 -0.192769903291 0.457822061487 -0.590740606538
0.000816549669886 0.58098667295 -0.665587656567 -0.71307721773 0.455612085784 -0.61963190647 0.374538435537
0.00133522519544 0.513045810051 0.844320735297 -0.251469226647 0.647887257875 -0.333933086254 0.277431715047
0.00221458048254 0.546588444338 -0.699671227804 0.294486576643 0.491525417174 -0.447792295025 -0.272848296562
0.000603143553785 -0.909491809643 -0.271022721742 0.502277525484 0.656948613086 0.188619727959 0.304303660944
0.000787915452872 0.058267367138 0.191264785002 0.687071282562 -0.353879239749 0.531622060575 0.551976140721
0.000599270522999 0.168809433767 0.0512751615884 -0.469692661086 -0.56454615624 -0.348164922287 0.198479816359
0.000754042207458 -0.158061132271 0.368596683984 0.595025628182 -0.23045207113 0.138002286662 0.477701548992
0.000905575018415 0.543806166924 -0.888755209088 -0.223303500235 -0.043475538565 -0.661459255885 0.0964795544776
0.00196800933546 0.0208931861551 0.411581328318 0.649894964612 -0.593007700953 0.23036184491 -0.0195065391459
0.000560681507579 -0.133178048104 -0.811768031284 -0.452532602892 0.0284855820672 0.0590308927572 -0.245634757142
0.00374658494651 -1.01687436504 0.530733407633 -0.0585403707746 0.738191082441 0.140074747983 0.424637226137
0.00266348334482 0.245991399857 -0.498952812031 0.582436358245 0.00635191817141 -0.355596736577 -0.700723934412
0.000811618178205 0.355084645399 0.495813071339 -0.183545166725 0.551829414558 -0.364766200176 0.0527016544515
0.00102801543863 -0.234773717058 -0.164969764288 -0.274329024989 0.357548590289 -0.249737515136 0.581056123006
0.000904683321822 0.331000938606 -0.715956164608 0.84647215798 0.368883502166 0.00154667440342 0.722337865711
0.00104224814649 0.96588381367 -0.312695299513 0.343993980561 0.310754219057 -0.0199912367111 0.631476035887
0.0024487029316 -0.627844320686 -0.431040276471 0.669302889025 -0.354699834019 0.151063887651 0.640092902099
0.0010044025725 -0.168305942913 0.523871159183 0.816879379011 0.0546660318515 0.56022117933 0.358746166561
0.000884309875262 0.0390265492533 -0.55638845061 -0.269289204361 0.0191760870819 -0.692010329779 -0.15690663594
0.00959377377479 -0.338312015585 -0.254665535645 0.613171276882 0.560595304961 0.437946942251 -0.430761669237
0.000613903124929 0.564361060977 -0.0809052229971 0.767825885527 -0.434856435496 -0.515043526708 -0.119222634646
0.00746771278546 0.130039153233 0.735152428433 0.0667428616496 0.310335143529 -0.373072037551 -0.103186558894
0.00198911221758 0.606073901618 -0.0644220638353 0.456233738118 -0.424460533647 -0.119804181373 -0.352090268971
0.000669869492946 0.144511469645 0.500803429402 0.226010806614 0.269737201511 -0.12261113184 -0.569083216551
0.00529765060682 0.0864469112789 0.570732775618 0.47004343343 -0.0632472960608 0.256521906438 0.352609839841
0.0012633228784 -0.0882667365889 -0.739498367407 0.125331263467 -0.497627612996 -0.419470447418 -0.0212749798018
0.00101270689588 0.677491453962 0.206939190966 0.896785179475 0.439333267605 0.398587904152 0.501981766311
0.00555595311266 -0.313949599422 -0.257056178488 0.819726905086 -0.16370801502 0.518464360965 0.102962070379
0.000887659553091 -1.12343288647 0.0867053044709 -0.0902164158733 0.100516553952 0.154608111559 0.728543287858
0.00110679300321 0.241724308914 0.31198252027 -0.652538268994 0.39382386547 -0.154742597795 0.750859305642
0.00165477449706 -0.0447093644905 0.450464018923 0.929148030384 -0.248470518661 0.320651555727 -0.496863361625
0.000587480485732 0.2078535561 -0.216974291203 0.376029581064 -0.109586780621 -0.712769031755 -0.0619317917758
0.00229140210338 0.331746065227 -0.455816239502 -0.444742523794 -0.481671275944 -0.204304858962 0.228021994605
0.000914075356625 -0.777442393775 -0.361604284825 0.456480996157 0.214482467809 -0.852548784084 -0.0950141984975
0.000695371732014 0.256118750563 -0.751092989335 0.180567902885 -0.832129154958 -0.00353108830555 -0.201599671131
0.00137742891395 0.982598719338 -0.340612555373 -0.178965153098 0.413593314576 0.537317698308 -0.266864576713
0.000722643162183 0.0823081467895 -0.534275263259 -0.266229504078 0.175337705965 -0.0822330680274 0.800347539737
0.000613221105723 1.09314009858 -0.177473641184 -0.111853209891 0.47900241202 0.62739608956 0.388327690386
0.00246009843243 0.272508518138 0.684789831911 -0.0585081747892 -0.158970364279 0.409755555501 -0.113115750913
0.000986962437672 -0.636179418684 0.0725468074834 -0.346627741419 -0.386948228247 -0.307197957156 -0.602107891539
0.00110427721863 -0.149142676275 -0.497040958496 0.753530902062 -0.338359960847 0.0274674477671 0.400730784049
0.00126513223267 0.41563271229 0.681324778247 -0.283055274204 -0.237798093426 -0.679894108376 -0.107895254738
0.00108286957567 0.62672968972 0.414368536236 0.0134280150446 -0.531985562907 0.104765615558 -0.414776847587
0.000868020081466 -0.445743061817 0.593333004502 -0.439898268383 -0.484511334149 0.644245878546 0.0396400804344
0.001526830738 -0.20270934647 -0.850499798644 0.382053133738 -0.42959772683 -0.47072690348 -0.480997539791
0.000914828929147 -0.531949489053 0.634373527155 0.549139683136 0.818487998147 -0.171336106181 -0.194782979252
0.00248598159717 -1.10477138329 -0.223376949798 0.235673600903 -0.20345790554 -0.0647808235541 0.428025388226
0.00164674617411 0.0940373893207 -0.862803810823 0.315785018146 0.29081511597 -0.700913353311 0.309912143165
0.00101507659041 -0.0904172714809 1.11623954662 0.257833201039 0.0386290354109 -0.482098312382 -0.0502298798533
0.00262703115269 -0.124071409108 0.109437741673 -0.574522527113 -0.0320857252763 -0.777725518734 -0.228695226203
0.00062803810643 -0.430635930975 0.505287355676 -0.295679021573 -0.430076326762 -0.0510905083818 0.125565342305
0.000792977382578 -0.518502720606 0.622036223945 -0.796880514529 -0.363752784244 0.145684678887 -0.473359074216
0.000679300539776 -0.24040472931 -0.605970305805 -0.243063251889 -0.0822794572113 -0.399699236022 -0.634676253272
0.000615863505459 -0.541392872283 -0.916817764292 -0.275166048696 0.311949970241 -0.114460574424 0.779431252759
0.000576083423625 -0.172382953094 0.233435657365 -0.318046771283 -0.665819094942 -0.369269671911 -0.319764354056
0.00162417139863 -0.107312287644 -0.41448916117 0.0811537340144 -0.441033426463 -0.677581425241 -0.081472344121
0.000630190849246 0.404220768271 0.0917118074245 0.438031235286 0.199470904177 0.240690686475 0.187802621067
0.00108606776848 -0.280823804438 -0.18739400581 -0.215355636447 0.214903911146 -0.737183555406 -0.0251688896726
0.000675947983921 -0.305199434831 -0.226188040365 0.458170083831 0.637343708182 0.502036714114 0.108230823226
0.000735976147948 -0.422759667065 0.830815879435 0.371774860206 0.456776421977 0.247410687598 0.558047672767
0.000561564631111 -0.513759903495 -0.538221574353 -0.57500833898 -0.491086959265 0.459846882576 -0.1605898387
0.000619821271707 -0.581603774538 -0.100592163816 0.31331576433 0.115137042813 -0.405740440757 -0.281420091521
0.00127237221464 0.200567931325 -1.01092251682 -0.303771734507 0.138981342914 -0.302546302579 -0.128041281274
0.000864154608865 0.0248785248655 0.16568676681 1.14632292998 0.202720112967 -0.112333220169 -0.400099945387
0.00077642418453 0.990839606136 -0.240075595358 0.470103115522 -0.486492777323 0.0685331523447 -0.452626795987
0.000953360003479 -0.235560725933 -0.618719758135 -0.67117308267 -0.616879750015 0.124101086902 0.476345251685
0.00111884777903 -0.421535865957 0.690313450642 0.437621700031 -0.621284384007 -0.0401627310466 -0.632677247145
0.00112459369602 -0.0192409094219 -0.543665628472 0.618118761421 -0.0158750249035 0.472074294202 -0.150970128936
0.000595256985956 -0.237813206213 0.260892214293 0.379342041073 -0.0744942179372 -0.36094902384 0.0277662072339
0.00606188665233 0.869240839129 0.16291932943 0.0375486380708 0.679540271099 -0.0190687319601 0.267215802629
0.00057490786293 -0.484100357881 -0.0451609654999 0.0622923167996 0.0010669629404 -0.335773838696 -0.310088565462
0.000693259973765 0.596407195933 0.22908384844 0.82488410625 0.0699090810534 0.490885823427 0.0292094618717
0.000685782322103 0.0601885797686 0.366201855673 -0.25163043014 0.200546218782 -0.650115695005 -0.526270199421
0.000640023856872 0.49169884092 0.0689765724404 -0.686786641122 0.535624926682 0.485586552819 -0.300920225802
0.00126580808391 -0.208154669179 -0.108172857787 0.213284644111 0.184473880048 0.615186569277 0.180542742131
0.00408315996886 -0.960713009329 -0.636710504114 0.0429674266146 -0.388223857488 -0.46851643398 0.0445875651366
0.0124238600695 0.853473630692 -0.649053144089 0.439444731062 -0.221051897007 -0.306413702693 0.312763220307
0.00781984754883 0.574073678541 0.194863499602 0.0245841723115 0.240446032973 0.139801834789 -0.296212494598
0.000697947467043 0.468205643722 -0.465774739192 0.140714082436 0.0193120316032 0.829582099931 0.221525579403
0.00105593323115 0.0780987988036 0.0196149289351 0.360095922355 -0.190065852322 0.360629280982 0.556638820139
0.000685914498082 -0.774243518315 0.240007925384 0.57183555677 0.561976835685 0.0186456863559 -0.422229039581
0.00124959981977 -0.785737188786 -0.159394703405 -0.493396181175 -0.602677254899 -0.553766777584 -0.0537848973206
0.000675846949998 -0.539019499918 0.384863900437 0.216139073367 0.189997927233 0.416084899623 -0.209594937111
0.00128784421558 -0.0184324887486 -0.332577262735 -0.870404795049 -0.0763747929696 0.233817497498 0.580893835311
0.00159750783364 0.557489824535 -0.0710179635284 0.339729808814 0.424834926301 -0.451808907901 -0.562187104446
0.000622848819747 0.846472657881 0.779732587088 -0.139318517736 0.494746511888 0.441364305599 0.0557696208116
0.000961556041353 -0.166909765298 -0.645443077188 -0.0729695401153 0.233121322542 -0.257093917631 -0.654347017447
0.00124096605559 0.735896399824 -0.620430412108 -0.0627577665208 0.183974475704 -0.195321873382 0.482755365969
0.00145603723233 -0.605515193558 -0.66712581813 -0.41290016726 0.103741461172 -0.291089988552 0.305851138149
0.000727683916698 0.705073019215 0.715717671373 0.088660900241 0.457032507556 0.36423675338 -0.161891667055
0.00064003242385 -0.0504115357177 0.427511856384 1.00552381448 -0.604336412316 0.0214380730324 0.203968312929
0.00152602932354 0.0714990362149 -0.78082059472 -0.357047869841 -0.313195290416 -0.130042413662 -0.716128701518
0.00109106665723 -0.92746431588 -0.599856667272 -0.0589031509042 -0.397028192647 -0.696885123236 0.281864090964
0.000611260363458 -0.272366446439 -0.239528541555 -0.907905595344 0.350036140472 0.114605790404 0.664070032384
0.00130904730529 -0.934740226293 0.0268759016835 0.224126189699 -0.0288240950446 -0.611209502671 0.330754523126
0.000596588477732 0.649159950704 -0.523609645452 -0.296712302972 -0.267889867448 0.540154019266 -0.0322627745067
0.00106931102802 0.746860874056 0.753266586352 0.219710765893 -0.206153446646 -0.075423687647 0.827529346135
0.00175910219949 -0.0856329788534 -0.748118089564 -0.359182455208 0.165138996309 0.100796818323 0.520534504933
0.00126606582136 0.753273443943 0.0437560489386 0.019607321673 0.145542611733 -0.687073691738 0.483119020686
0.000697155723427 0.155747524039 0.159924629774 0.0371667562628 -0.270747602562 0.511023657801 0.215846615987
0.000799202094038 0.313618188153 -0.270506469957 -0.89151872663 0.52495605031 0.0532011182856 0.230003440731
0.000759560941001 -0.745143340388 0.159496334113 -0.779704210151 0.324093322388 -0.685623335176 0.368965860634
0.000719061082214 -0.160837106566 -0.0562653197714 0.126456099534 -0.102979587943 0.402678670222 0.664254229988
0.000756136760415 -0.57369176406 0.444674037358 0.399795871595 0.166213204156 0.227194429039 0.706316770275
0.000784732231059 0.168797563997 0.868724945116 0.360034242761 0.0208610703032 0.0929452344525 -0.598014197033
0.00733239881039 -0.173490963054 0.287976144016 -0.403722408296 -0.153244961191 0.0898482029933 -0.20195978532
0.000748554265686 0.59066321818 -0.860830776326 0.308603709506 0.0284214456524 0.196827636307 0.367022352298
0.00060926853691 0.377666472661 -0.491716298028 0.934630830737 0.27121553666 0.259512076914 0.364488782746
0.000756449794638 -0.945135267231 -0.524425025677 -0.302215732913 0.471538926066 -0.532377238884 -0.300038928626
0.00492781628372 -0.54093951441 -0.841288815871 -0.493642841959 0.228529950688 -0.145611993265 -0.135473136437
0.00282863606181 0.00571039011849 -0.773592928789 0.4186059121 -0.0578218479961 0.0797874502718 0.43955746794
0.00102079781959 0.352280169565 -0.812854501146 0.344013726439 -0.216227738121 0.0483943201278 0.575553609567
0.000668126764977 0.740684097182 0.814661229811 0.238534406962 0.740295339247 -0.350876730762 -0.165437316296
0.00114520875164 0.286076573367 -0.682971780107 0.0126732919646 0.0572661698832 -0.776130030469 0.0778558787424
0.0028952332441 -0.509551533678 0.789863185394 0.533798807576 -0.148916139708 0.810676671524 -0.246725966742
0.00111456162074 -0.0526280238623 -0.688689518622 0.266598204272 -0.0558150397752 -0.688024732351 0.228715060068
0.00171354464477 0.0844633717815 -0.920621738519 -0.673090309306 -0.211685826956 0.696256761581 -0.214120247349
0.00107057404126 0.442552764407 -0.0896127816672 0.666681587415 0.184908829302 0.731031081373 -0.142286073304
0.000609277438524 0.205216581305 -0.355855903088 0.409576717834 -0.081716522889 -0.128736433196 0.637870865793
0.00112067435321 0.33349171344 0.0416165500034 -0.23825411162 0.0196036976279 -0.827426978824 -0.000943967961329
0.000857473522947 0.203503610378 0.160990642141 -0.0219670722555 -0.530623672728 -0.0850506978894 0.691604953735
0.000641246744989 0.53123231801 0.931221362895 0.126726344983 0.455539799164 -0.560021094052 0.0722179829843
0.00277508502242 -0.915635481129 0.341419927709 0.299473123926 -0.642788859853 -0.171861817188 0.531855718555
0.00090014758437 0.381166001279 -0.477125729199 0.397839099289 0.102842577625 -0.164401715197 0.637164576434
0.000570870578765 -0.509531928003 -0.00737315590083 0.485674302368 0.649794541668 0.124085075138 0.305990258073
0.00116487131741 0.305731962082 0.548469662076 -0.0100034501928 0.709380924699 0.190076903258 -0.223037439863
0.000591076171352 0.727101450492 -0.0975757301429 -0.308126045607 0.49120075995 0.232280434102 -0.404722362286
0.000632451998341 -0.444840029096 0.144020490672 0.335384027716 0.337261779037 0.0879322076339 0.250719867459
0.000767535132912 -0.0503198562562 0.374060060608 -0.0686494217457 0.0247365536562 0.756703415438 -0.310631544761
0.000601433689235 -0.589160054804 -0.704296899219 0.568140581877 -0.258855406085 -0.800716492591 0.204801825971
0.00171104517553 0.642910926696 -0.477247496716 0.131806321257 0.702403010903 0.304448732257 -0.00251656060797
0.0008919980985 -0.262966124106 0.427661404617 0.633076418644 0.542919946151 -0.0340143756777 0.0891379757949
0.000863674385309 -0.650012249224 0.0597371837806 -0.00901168790962 -0.434332898957 -0.172401828852 -0.458654755347
0.000910933433301 -0.237596515191 0.857939508759 -0.419252488404 0.0272223030929 -0.154802422629 -0.163122419831
0.0012636980952 0.296245700105 0.290463616747 0.796674901807 0.0337010825035 -0.707787275141 0.39235162747
0.00148550329907 -0.115137939006 -0.588458603535 0.128692282953 -0.199361948127 0.219497613897 0.624139299082
0.000690721715719 -0.555753008895 -0.736481925655 0.68794777604 0.528315783801 0.0248933452368 0.137681255252
0.00517117804428 -0.292919187275 -0.453516855343 -0.0692838603457 -0.182839805959 0.481001663422 -0.654565558888
0.000571082593292 0.674265753133 0.699567651956 0.548104146778 -0.298453207017 -0.677227048092 -0.47287553694
0.00654177678539 0.342177488543 -0.911512353894 -0.508348360233 0.665299572087 0.493517897937 0.28178953528
0.000586327558713 1.05834531384 0.297141067309 0.181525453329 -0.61601083267 -0.240524610225 -0.0436463105604
0.00262262042736 -0.0226907330017 0.898894201153 -0.446295800783 -0.130663309812 -0.744377785173 -0.000958775058776
0.000666574343491 0.510712799636 -0.317190638862 -0.0170706337538 -0.122142087034 -0.369068567995 0.693259770914
0.00101031856917 -0.255983647989 -0.169999557811 0.201730579573 -0.753608829713 -0.00643206763795 0.454677731013
0.0021958871043 0.00599276297945 0.68282607093 -0.493545988904 -0.197276151636 -0.316972116668 0.753539199181
0.000720188598729 -0.567226179318 -0.572254972056 -0.496036489281 0.155942542216 -0.520684930592 -0.39956119359
0.00170924685356 0.909237867596 0.344061492376 -0.478077796984 -0.00809306828547 -0.143016867242 0.407607968673
0.000927704509998 -0.125191688101 1.05575788804 0.156454027094 0.47244375193 0.261351960223 -0.477436550959
0.000661738717573 -0.613892076543 -0.891957786158 0.128960856901 0.267340763305 -0.271122704203 -0.70079884466
0.000666826228195 -0.029338392358 0.391313075123 -0.624219892611 -0.451261215086 -0.427441109038 0.307240902796
0.000754345063337 -0.280860308803 0.951487798911 -0.0937378914464 -0.186360460289 0.454398105953 -0.404638160474
0.000722898569096 0.612090772393 0.68892851018 0.283529215353 0.512805996078 -0.356123043212 0.467689137256
0.00106926378081 -0.387539032931 0.392438016102 -0.338166876376 0.0170925929591 0.683813475871 -0.208015515269
0.00059064754404 0.463915301238 0.12515306142 -0.441310107031 0.298142843368 -0.439338557459 -0.381142759275
0.000877740484868 -0.157903873315 -0.562293887597 -0.38706415383 0.595860860032 0.201291441735 0.473841960766
0.00276194475835 0.0606603794376 0.665251968667 0.617417086921 0.300584201056 0.118930237432 -0.513055236855
0.00134441398105 0.172332063427 -0.323395505634 -0.359966258689 -0.646565891762 -0.358963572089 0.369365301051
0.00070745526442 0.560041246141 -0.409593094205 0.017961313187 0.408869650939 0.236426740992 0.441463735041
0.00117182176583 -0.177768491386 -0.00367416470159 -0.0368996577082 -0.088135351078 0.627207039102 -0.555055485098
0.0125585691957 -0.0506398091672 -0.950105405543 -0.57903223248 0.606249903559 -0.269847928127 0.176607636596
0.000692561550394 0.150598865012 -0.625494840629 -0.85587866179 0.150254959817 0.104293798564 -0.468624012366
0.00217235503229 -0.181640529601 -0.582682863888 -0.548223377888 -0.264445413117 0.638831469912 0.368343712308
0.00101095317923 -0.778527674723 0.646759694677 0.187937310182 0.628431022645 -0.232227886182 -0.498366839096
0.00117315645262 0.884528396064 0.538630940777 -0.290353430305 -0.785094581908 0.33214890124 0.0117829468616
0.0014979471379 -0.779600401662 -0.177984580673 0.324695339895 0.0345869043187 -0.803274766348 -0.213271739054
0.00060972996878 -0.120631599386 -0.879933958352 -0.457582848557 -0.256078586187 0.309507388119 -0.308873002566
0.0023989899193 -0.371682953345 -0.0299221541093 -0.997763717676 -0.578894526985 -0.141467894581 0.106478462045
0.000876030959063 -0.44448972451 -0.62262887107 -0.489268714659 -0.156171085556 0.271225665392 -0.363210949849
0.000732708495013 -0.626206646357 -0.890402547575 0.259525997244 0.364179485991 0.683069489316 -0.0696706110462
0.0158357660867 -0.485628298848 0.745775322899 0.610628566946 0.278758620458 -0.0191906559712 0.217231105559
0.00085572236064 -0.416605922173 0.268785864403 -0.226042197842 0.734410456001 -0.148607524989 0.377318990114
0.000939129004728 0.297167337861 -0.86161623783 -0.60710810534 0.125730109891 0.569124168744 0.349069583261
0.00139598443049 0.248704509587 0.665188772475 0.31495462387 0.0688358744649 -0.178925102123 -0.0411450952067
0.00160607292374 0.66052207379 0.756377074414 -0.490118879332 -0.0991905724567 0.423744685429 -0.602535960545
0.00105897553509 0.263260773635 -0.484448443448 -0.583800416304 -0.322740142362 0.726181238804 0.0162632885401
0.00243093957131 0.277935203269 0.931881420836 0.0969877516981 -0.097803784172 0.13197209972 0.649395392804
0.00152543937825 0.461484335407 0.542204243701 0.766344108117 0.327171616397 -0.75157886901 0.00403532204818
0.000931772778227 -0.345483109084 0.981606881639 0.158085610471 0.217589279917 0.376399267651 0.585306237447
0.000565306876388 -0.0815792970167 -0.263110554014 -1.11607182555 0.0740037766366 0.116325871932 0.471964391579
0.00115988989056 -0.0186374582785 -0.687482128872 -0.555428760757 0.190962451189 0.826673849526 0.00596997701531
0.000645360127739 -0.577787476613 -0.161946986559 0.12404135504 0.196350617661 -0.302885365331 -0.692552193331
0.000628700752648 0.429354298502 -0.208746793125 -0.210018493922 -0.504684551146 0.215697718352 -0.558654419422
0.000784816970164 0.722914076801 0.301798303453 0.585381443849 0.520602976072 -0.0459597857016 0.210129972002
0.00139789762129 -0.411230466028 -0.580291802569 0.910925622741 -0.116363284569 0.582729045426 -0.129615979002
0.000706722542807 -0.164242740426 1.04839508376 -0.289197925119 -0.581104926077 -0.591690859549 0.119092360794
0.00188060546617 0.45699903119 -0.415950865001 -0.271783936622 0.0517201150036 0.607417881247 0.113475417885
0.0014254256511 -0.0926097259728 -0.0605874555904 -0.0810208463199 -0.386575280067 0.310638275394 0.123202881058
0.0017550807255 -0.879834941439 -0.20206585295 0.218234063888 0.556625438749 -0.266130423702 0.585177855825
0.00117922105004 0.352437019285 -0.124931020373 -0.245209624571 0.697115151599 0.512651123348 -0.062414667822
0.00096940661698 -0.249638136179 0.812890399095 0.643592864575 -0.178826533873 0.244349963587 -0.284598209298
0.000666652221192 0.793608295676 -0.168757182639 -0.315178664041 -0.111993532187 -0.586066017263 0.38947416768
0.000752075025489 -1.02716565852 -0.109791015673 -0.218725995098 0.100403602829 0.273405198229 0.228422876591
0.00240761720433 -0.120108510898 0.256854244852 -0.00226599980289 0.359321064788 -0.684130879738 0.207651661554
0.000835900549339 0.996032953449 -0.21764226226 -0.528649045673 -0.0119965694152 0.463630473097 0.160284201884
0.00323797670364 -0.137500857047 0.16501994221 0.44744632204 -0.211629351258 0.534920395962 0.622488937166
0.0020370158794 -0.864886052565 -0.0424786743691 -0.194651333826 0.251924013183 0.361484162547 -0.0518361349638
0.00229528485173 0.239554370292 -0.867992620496 -0.125426896624 0.0645578502112 0.0872637372001 -0.100657953303
0.00109959874275 -0.0712721407173 -0.358412679909 -1.09287244811 0.633035269559 -0.186624656691 0.150106572181
0.00062091253105 -0.362351963407 -0.338378488556 0.330018577906 -0.0493918640478 -0.0919009928035 -0.64458933418
0.000569406912939 0.667893500593 0.130942336665 0.0798712135529 0.269379047387 -0.563112654826 -0.486904118575
0.000630116388528 -0.614244618227 0.0212785087946 0.543211337883 -0.365740600209 0.462477670111 0.284952297405
0.000933137678823 0.222420402751 -0.65038501463 0.425345641272 -0.442467880505 -0.467019201852 -0.49023634452
0.00909354314373 0.768594395788 -0.420007422766 -0.171372517356 -0.413286871801 -0.178200915261 -0.169648089022
0.00111519958732 0.493933427138 -0.69244796226 -0.26161496739 0.495338823517 -0.371523218102 -0.410205587077
0.00188525668368 -0.578419472614 0.049081602658 -0.527378424565 0.58492523291 -0.00371826667525 0.599209267607
0.0011432305435 0.0644329205484 -0.172937795928 0.590664800613 -0.341973244531 0.631243580485 -0.386718909761
0.000566001620235 0.273607792158 -0.10223095573 -0.292027376655 -0.578281880727 0.316010126244 -0.496384273015
0.00124778481219 -0.696011365315 -0.418762778884 0.335059776342 -0.300193178776 -0.0637760086801 -0.487991745683
0.000874618340014 0.378323754434 -0.377006654618 0.871924390757 -0.231803550763 0.0202095079441 -0.643901612862
0.00061516849194 -0.383816578546 -0.123657243688 0.294325627118 0.614819521185 -0.0434644548796 -0.635056139616
0.00226633730374 0.360143140584 0.547553320767 -0.578502084711 -0.21184253566 0.206483110632 0.814820905696
0.000826122581965 0.109127622674 -0.799340409484 0.0597359578265 0.282593668734 -0.1641786204 -0.385414482291
0.00283901359262 0.805100394096 0.272288805141 0.097573356956 -0.0141557556385 -0.0429047131358 0.218022313549
0.000576475419888 0.0660767548488 0.708632842491 -0.328301980964 -0.292071057581 0.0556261785563 0.675997949282
0.00109704215426 0.0192634060141 0.476250228683 0.778446567681 -0.389834696533 -0.499854065488 0.16955145309
0.00132999066079 -0.068850004015 -0.808038713741 0.731373889449 -0.0792652478948 0.195545963068 -0.579137747955
0.00180802428035 -0.0965602534676 -0.435081683926 -0.216144863894 -0.518134060747 0.108087497517 -0.249466233322
0.00137018658855 0.769664967226 -0.254888981221 0.180086056754 -0.518125070132 0.583998331265 -0.0719218013159
0.000902532987118 -0.101066932487 0.190986801732 -0.82838974372 0.610555532033 0.618133726558 0.115957548722
0.000889891691709 0.17585862366 0.291760528891 0.185109298725 0.193915773674 -0.296731893705 0.552526730648
0.00123644547511 -0.319996199798 0.924404303799 0.437844420629 0.0884780271625 -0.0190303004722 -0.691206165214
0.000740526479123 -0.668944922858 0.000588767976656 -0.714301573083 -0.0444296500953 0.581210958404 -0.0748713737035
0.000565871160503 -0.970636429292 0.0684842564454 0.177238796016 -0.348043491925 -0.061423644097 0.700382915359
0.000688257285544 -0.55211433591 -0.112252140889 0.93123354168 0.252790135213 0.00924084356315 0.659587081398
0.000886864991436 -0.513988477694 0.0852684181596 0.853405498744 0.127260529906 0.556012942835 -0.623873168417
0.000623021978405 1.00859514213 0.0407016144819 0.277109475548 0.405152542091 -0.502712318341 0.276117460826
0.00100440738619 0.00533359336311 -0.0551001211263 1.08770722131 0.606029408121 -0.433628008728 -0.242626453257
0.000876020123446 -0.547052169691 0.397666578636 0.210377788357 0.103953133541 -0.831513352952 0.185661683802
0.00056514548631 -0.578631632523 -0.00426376409817 0.0233104826846 0.0661128084196 -0.521625125119 -0.106239367466
0.000659720420033 0.693855887952 -0.209499366211 0.477657175084 -0.0392265199766 -0.549906381427 -0.111892488064
0.00344325593805 -0.0598655315085 1.1618455858 -0.0731445816571 0.0406936791606 0.031555580612 0.62768650988
0.000901035331147 -0.572777003795 0.449149706255 -0.523644660538 0.286682802204 -0.47392823044 0.335649698272
0.00144874861503 -0.567660643038 0.457550906493 0.605417110304 -0.255853175246 0.747073076731 0.246206143601
0.000749358793882 0.233920685672 -0.116791569503 0.441419092978 0.315524874463 0.0884041268068 0.630446033292
0.000701505858457 0.290884147937 -0.339536460845 -0.47388628531 0.00786018327042 -0.577181404049 0.647387057978
0.000588741900661 0.644992968763 0.764876433695 0.224545513164 -0.0452576236379 -0.108731484682 0.474032331452
0.000581487851675 0.402259531978 -0.842022481104 -0.336852699953 -0.653995489234 0.397623776963 0.0471376485158
0.0025360618837 0.124633547178 0.349414861813 0.407183368979 -0.245606517603 -0.00703370272763 -0.347847738326
0.000708881351063 0.0699312962653 0.140150900008 0.274000831999 -0.0981199168292 0.0181698541155 -0.0468231725691
0.00158103180424 0.0683728411122 0.0549605715295 -0.394828616455 -0.691234914893 0.134950686923 -0.330469943661
0.00171460148231 -0.926672047864 0.553448042501 -0.372589654107 -0.0900017373773 -0.686713386522 0.225105714765
0.00121028437065 -0.269777288472 0.448760082704 0.939116957805 -0.834631667583 0.0581329161078 -0.149345657782
0.00241599616132 0.620450881356 -0.634359770783 0.0275231999296 0.600547642328 0.0786161929659 0.130584706809
0.000937028620041 -0.230620209946 -0.188061279559 -0.557506503162 -0.650713984332 0.602799952381 -0.0195632255634
0.000628095676855 -0.0641155123698 0.977361013156 -0.217739622683 0.238650122287 -0.419123045465 -0.341761570581
0.00106435300151 -0.616196610262 -0.2356515596 -0.200224414724 -0.0467193032478 -0.0284220088254 -0.817842634157
0.00171526421009 0.605625688692 0.0586762077963 0.028216469762 0.643629208008 -0.270230158602 0.408305703052
0.00104006507029 -1.03379079467 0.134375404212 -0.295082186078 -0.318224783383 0.664027815752 -0.161893301595
0.000658182503844 -0.0836978855198 0.24896972925 0.352459821409 -0.195729471463 0.0521308637186 0.345230203371
0.000569245233541 0.932661279667 -0.0939778824176 0.385822060892 0.593984159334 0.451495420321 0.383628620362
0.00341387234376 -0.321961441126 -0.938403542612 -0.581621240362 -0.476538235102 -0.114643257667 0.0951322394797
0.00795078856872 -0.00966767694661 -0.0688025280691 -0.940186401916 0.234375281383 0.597371024742 -0.0407796277279
0.00108129081452 0.631415199122 0.302602180641 0.0876839122567 -0.674316065842 0.347957780229 0.0582836368937
0.00568170787028 -0.436737046134 0.776997077234 0.0496416694629 0.100680636093 0.318856357147 0.0318721945944
0.00128298633435 0.436605876495 0.0220101243113 -0.563997088825 0.620679667058 0.289912003523 -0.483813874448
0.00119494800455 -0.100366274758 0.0522112703262 0.25867439152 -0.799491038608 -0.330762615092 0.131002963915
0.000584773853345 -1.02032426924 0.351760258756 -0.226942189562 0.433488871052 -0.180481061756 0.19240119404
0.000583978907919 -0.817016076543 0.48689041276 -0.112817169575 0.165764603209 -0.670577072499 -0.432088723471
0.00114526247217 -0.0873545436891 -0.736098580713 0.745932505675 0.15248648997 -0.848080329556 0.203679057643
0.0154966906304 -0.284142976118 -0.301036864494 -0.612505171833 0.00216842310993 -0.244292055287 0.778027193586
0.0012305549301 0.629007439842 0.385680386869 -0.774907604621 -0.316320527589 0.163837130282 0.0279792609523
0.00145031516137 0.54987845763 0.157615392096 -0.746822473668 -0.254876344587 0.412840039959 -0.0679948034976
0.00183024631309 -0.853685925333 0.307236892665 -0.524657474453 0.499883522916 -0.053195303878 0.462799999179
0.0006185701787 0.741615691457 0.660541931839 0.504100684586 0.124315305274 0.780064931987 0.121458448215
0.000822206627219 -0.0980199371828 0.899055191245 0.338159623397 0.30287938063 0.454628302802 -0.459803604838
0.000630771876818 -0.250554970433 0.875164629289 -0.470403487866 0.0726711250039 -0.515511145619 -0.284767413865
0.000994275492885 0.454169772078 0.681318566362 0.529794572018 0.377419826652 0.345770523874 0.559167310737
0.000604631283768 -0.592869761985 0.996881069984 -0.110762570421 0.572587025326 0.51844066214 -0.054623224163
0.000670638322 0.482741261827 -0.961085799405 0.317522277555 -0.527816720435 0.210658592437 0.13372817779
0.00403265281652 0.100063157445 1.03245994796 -0.0897291290418 -0.703199709165 -0.121730100316 -0.287979552604
0.00189598930212 -0.728136145499 0.283822924407 0.399847786274 -0.228675105539 -0.197155490396 -0.780842541859
0.000997393171994 -0.611166919627 0.515608267405 0.706170290991 0.114757398551 -0.213642031878 -0.110738246533
0.000605666318747 0.514675162666 -0.0468435161999 -0.959763211505 0.198671553495 0.55412795859 0.266573196841
0.000676403184608 0.0940275623772 -1.08090726542 0.105187178866 -0.278453767247 0.237121855868 0.50803249034
0.000918028729649 0.277543003303 -0.466645106489 0.474985914783 0.753446505846 0.281851796192 0.180413159438
0.00141466909944 -0.580100942836 0.234796579943 0.297078652235 0.196464534657 -0.280227315588 0.312572317236
0.000904464042573 -0.602883252607 0.121127724595 0.99185134154 0.209271413938 -0.187724484779 0.0230955037169
0.0016862695401 -0.031954264041 -0.995166013827 -0.110504500877 -0.707405936159 0.461040198834 -0.00669898485911
0.00232768339658 0.450023319458 0.0137157243445 -0.587606407025 0.0965828009687 0.298963406638 -0.20023191527
0.000969417898101 0.883096451511 0.24147525036 0.0337861811768 0.554520755851 0.232397137866 -0.339859749187
0.000998658466309 0.363287305682 0.0263176971761 -0.309857168318 0.19584307859 0.0965017430311 0.294383876044
0.000563423355568 -0.36631590331 -0.813981900193 -0.117687964303 -0.223776344918 -0.275011980724 0.578632851122
0.00100682447363 -0.835397622546 0.0925826383093 0.549137504956 0.293002622061 0.14164867272 -0.620625841201
0.000618814590631 -0.251175491224 -0.285479014851 -0.606541918488 -0.766563176641 0.0152119653896 -0.281398592098
0.000572979293276 -0.872711506164 -0.397469808657 0.0354308507615 0.010228206606 -0.199097474446 -0.354600030086
0.00150693738456 -0.594188019188 -0.551288576569 -0.174462501738 -0.130941868457 -0.682929486828 0.328985628562
0.00183013664258 0.431804430398 -1.04244929079 -0.199905092301 -0.372983156455 -0.0640532637518 -0.354770591653
0.000700777516228 0.273872444768 0.125958068531 -1.03781227664 -0.616531336884 0.235576255589 0.165993137616
0.00125068166243 0.285672872521 0.448663374083 -0.000105859934799 0.524064048625 -0.433886755866 -0.396861407684
0.0031424139903 0.0937906700067 0.816718222638 -0.140674214253 -0.602854953451 -0.357172420733 0.121582075324
0.00119430256684 -0.384855360224 0.461457899319 0.410036381571 0.369436382323 0.327430427031 -0.257720380953
0.00329619569402 -0.863716519446 0.198465834939 -0.656837112298 -0.775902966844 -0.161183187595 -0.121730396814
0.000579596053474 -0.335429355496 -0.21496125117 -0.267956298666 -0.266811652157 -0.0814596538288 -0.724464484567
0.00238453140428 0.254574463537 0.499677064143 -0.677196989971 0.383879671895 -0.339137862333 0.0905145158062
0.000822228269902 -0.706250772175 0.422873571592 0.735590081432 0.135249814592 -0.290215276711 -0.380620250809
0.000936655079369 0.9130454257 0.473086789272 -0.148530489842 0.198724810005 -0.0281265409733 -0.253868961869
0.00061953816017 0.646243517216 0.155428368514 0.844666204656 0.604225968507 0.192761976463 0.107056367397
0.00825176448647 0.413924821698 -0.130283492029 1.00901499376 0.491909471997 -0.0746308608537 0.0743789591269
0.00823180353804 -0.422668582739 0.300795650768 0.65550134339 0.376873778773 -0.633744356484 -0.485064256652
0.00110794184225 1.02114327908 -0.322850331244 -0.318107382037 0.869819453287 0.0238745338924 0.113752184577
0.000861702577048 0.187510464508 -0.815269626044 0.586229577301 0.198710578319 -0.626899495073 -0.0943756519187
0.000675962213569 0.19578138731 0.54523411628 -0.64719225081 0.613680256129 0.398083187507 -0.120450646645
0.000991726209693 0.506437204497 -0.866461234691 0.550769080936 -0.449339406232 -0.0181634049723 -0.659886726199
0.00245631902625 0.56687631884 0.614086183631 -0.762921514337 0.554598074897 0.441555776046 0.174367557334
0.00193602120048 0.642666298916 0.033996940203 -0.345520938806 -0.211230823737 -0.362524254212 -0.63444281296
0.00108088505051 0.414752784409 0.659283578813 -0.187623880532 0.377110007893 -0.440781194495 0.262531936195
0.000696568504849 0.607897727268 -0.0997240768306 0.0220157337638 0.387663453052 -0.205333196821 0.671763041502
0.00105108981226 -0.159861381127 0.570920108085 -0.552678949645 0.203696926826 -0.470561597905 -0.408183802427
0.000851458093879 -0.464663036812 -0.749039924661 -0.410569259244 0.276319189217 -0.448408545825 -0.212737613846
0.000675814120591 -0.00981953151256 0.433092990426 0.566056749619 0.324167375564 0.170192142095 -0.719079822161
0.0406285345605 -0.0519811984614 0.310860378601 0.183606168227 -0.521259895924 -0.313621806036 -0.546430413365
0.00130080698348 -0.26256543436 0.0891713340346 0.186489313782 0.148829672673 0.313845594246 -0.355505145382
0.000764873573989 -0.390672932176 -0.671714772958 -0.593129409616 -0.401940037919 -0.488266173964 -0.226826339004
0.00208716236613 0.445563896392 0.408274328033 0.356938883135 -0.548049660139 -0.556796359628 -0.354477544712
0.00110048921778 0.868704866389 0.458175074022 -0.0396435919827 -0.734307529895 -0.211401970743 0.350074328992
0.00136003216605 0.170474862566 0.203289616628 0.772063929267 0.347847126415 0.402903030713 -0.378677920813
0.000684030785299 -0.512342767242 -0.248322847757 0.195865304593 0.0696313247136 0.18710881811 0.577961913976
0.000714846515682 0.812122956081 -0.259178515117 0.572390864329 0.614339818152 -0.370962624557 0.131798132669
0.000561937538805 -0.0131044894933 -0.38687513758 -0.7755986393 -0.320656543062 0.301746765021 -0.652669448843
0.00146361210505 0.399435074174 -0.451953392015 0.200145706036 -0.463783865048 0.15474648262 -0.432671915027
0.000852379488121 -0.965540315221 -0.191130200413 0.260402008331 0.600359148636 -0.152268201452 0.601366744941
0.00204103978181 -0.26638824648 -0.108281732152 -0.993803916207 0.444645257891 0.314775292009 -0.254185232441
0.00279217037018 0.061264309831 -0.69071417015 0.0542742710719 -0.0109855757847 -0.0816447078031 0.519134242034
0.00106347464828 0.50351086422 0.868699616766 -0.468797090504 0.0102488941961 -0.201040639567 0.177755207794
0.000672337541565 -0.298677925625 0.0146651023252 -0.070634251264 0.486180536541 -0.257438756878 -0.546637501973
0.000584378642799 -0.119626937333 -0.518915008505 -0.150735539484 0.795435460075 -0.129985135135 -0.158195002109
0.000671752047691 -0.147342386979 -0.716738562571 -0.207680807173 -0.234940137463 0.404055162265 -0.728825888809
0.000919068673352 -0.178515184683 -0.303711053685 0.352813073373 0.79340219177 0.192312127146 -0.274914894002
0.00121631827099 -0.76897782958 0.461834292735 0.265040436194 0.286454016444 0.375812818428 -0.532982706793
0.00140772958188 -0.582229020564 -0.248973413484 -0.639605243359 0.0481580434312 0.717363142624 0.156714136086
0.000646330312704 0.145652525763 -0.321855577517 -0.798953395852 0.513933894733 -0.074959265975 -0.198127890609
0.00152888141934 -0.154282793456 -0.569682943961 -0.713694152076 -0.706396028119 0.0285511095243 -0.436723456159
0.00230492864772 -0.355305655408 -0.371605616978 -0.991331752861 0.597321964603 -0.378810134519 0.173832313031
0.000739247978582 -0.761904550933 0.548930050972 -0.0762919944973 -0.070349826346 0.15091525253 0.558835890892
0.000763461036946 -0.856000476461 0.274452799944 0.0697072900898 0.412796564939 0.636875871329 -0.0424606783079
0.00115440225442 -0.535917247185 0.317310672442 -0.0568698726329 0.039286907294 -0.574224835784 -0.242174036714
0.000679814686728 0.114416110707 0.728980891361 -0.587284987394 0.274344525828 0.557557530818 0.205258974525
0.000933180001003 0.581139896827 0.861825777772 -0.00222425230778 -0.166173503157 -0.441183417924 0.127096960692
0.0069904327662 0.0869425918753 0.167030900367 -0.489585651798 0.855587779292 0.114795742083 0.119515082273
0.000654431531587 0.494184585949 0.302113275766 -0.206099367101 0.6115240589 -0.330294149274 -0.401822752091
0.0107252839595 0.659221123782 0.0750128670026 0.275433171128 -0.210561644512 0.632104402909 -0.288035069544
0.000564534080419 -0.526828908475 0.95178987556 0.384572488215 0.108579012617 -0.0714750305356 -0.615541927953
0.000932375216347 -0.0674631981275 -0.67597101917 -0.221022344062 0.695562481143 -0.0819624191989 0.060915607638
0.00222068844231 -0.466406221986 0.261885114656 0.317554413323 0.743992861216 -0.130126504814 -0.0929240208878
0.00714736460776 0.237337763782 -0.436212749143 -0.708929803416 -0.418031229347 0.355520109868 -0.653536471519
0.000804595428904 0.624433363398 -0.364002099296 0.737172689238 -0.702100345023 -0.42032131898 -0.193311698617
0.000673956289869 0.685957600626 -0.0617811106653 0.323703133521 0.221859378196 -0.408404324082 0.0868344172132
0.000881202422027 0.0637734153707 0.0558256081853 -0.164812598849 -0.689941865817 0.26320190189 0.345543943361
0.00311066536366 0.939293863964 -0.589417637216 0.20023823931 0.328319120089 0.165772017156 0.641332185158
0.00103526431088 -0.324900055863 -0.677575213873 0.0139602507976 0.4294798861 0.146503810952 -0.380159210668
0.00162903233441 -0.147751610356 -0.36972640581 -0.0206071395927 0.200315581881 0.562737411891 0.29671764883
0.00198153323264 0.480278179995 -0.892036560027 0.0660096447214 0.570423050284 0.190348032957 0.619093101116
0.00200709397344 -0.113357682696 -0.1834049117 -1.08888209425 -0.611432511338 0.0694618765348 0.488687505484
0.00254123106203 -0.373288222534 0.358334326898 -0.239226649708 -0.13561507525 0.66921703122 -0.0196702101528
0.000743640716192 -0.114263519564 0.90886541346 -0.338886931567 0.337974888034 0.815784325845 -0.0225800934424
0.00145866938995 0.664767910907 0.437990354194 0.389498475961 0.122462539128 -0.0328037677374 0.805666653854
0.00194279499085 0.923782597524 0.482844246101 0.46204150741 -0.859903427302 0.0179711376766 0.133527415399
0.00514308777866 0.051927885996 0.452542170415 0.514300130472 -0.75115902585 -0.310578908375 -0.23922702285
0.000778876615021 0.313349534163 -0.887510552352 -0.2690654252 0.00747648192394 -0.245238223461 -0.145482922326
0.00229706716164 -0.371266308094 -1.01456706397 0.371451846534 -0.419195306433 0.390952635097 0.497176439583
0.00103892464706 -1.06949795678 0.411072128399 0.0425740562222 -0.0365508973749 -0.42019355836 -0.00845480180345
0.000675622417964 -0.225294479294 0.432846841412 0.580589379889 0.0855979960728 -0.554503837163 -0.426252599239
0.000711042127397 -0.83049617947 0.316127861371 -0.42419766843 0.555258898932 -0.300222717954 -0.383499670005
0.00130857312596 -0.460470969849 -0.124100026089 -0.220203700204 0.274749532452 0.0802932952398 0.797561396925
0.000840104008157 -0.277596469446 0.339563449785 0.755431723385 -0.183074456964 0.81657125163 -0.132112228389
0.000695250442949 -0.247138849844 -0.168014630276 0.069220566055 -0.427762587219 -0.421256577832 0.0669020130229
0.00092501606105 -0.544967919308 -0.0680554482773 -0.90023009626 0.326508970505 -0.23494295526 -0.558883920254
0.000913650777883 -0.200817142718 -0.301798586717 0.77286721455 0.347821281174 -0.355974592665 0.604451561427
0.00132155317848 -0.424961156977 0.269659389832 1.01633206708 0.527927426106 0.361143367907 -0.152523655456
0.0010588674473 -0.260734171454 0.236460112151 -0.668519931173 0.132819900771 0.509359919881 -0.448347939031
0.000704786761701 -0.588111281211 -0.183605994505 0.412755762132 -0.111246692342 -0.600869809651 -0.624811887836
0.000760432775704 0.156242680764 1.07421017721 0.278499902236 -0.336972166269 0.400370634211 0.269698099253
0.000704231752809 0.558609094067 -0.112810849053 0.917949594388 -0.0814631339929 0.268440007152 0.345071408237
0.000615727583392 0.445432218054 -0.525755863927 -0.742672830356 -0.629909679904 0.339573767422 -0.113567497596
0.000673505196071 0.691366466941 0.696924298083 0.553849418008 0.322048330235 0.362881301476 -0.223049849168
0.000798965435376 0.944389902336 0.346160530089 0.366206871729 0.560834750222 0.116198527299 0.467048548073
0.000576540332973 -0.756511644874 0.110357744802 -0.142153566754 0.160774656596 0.796590693705 0.24240049793
0.000981175217501 -0.114473123011 -0.616128625919 0.537060970094 -0.209433069411 -0.405825673048 -0.750615090302
0.00129710451041 -0.794619856166 -0.235854477632 0.0530907475065 -0.169380496845 -0.640011758568 -0.0589778392612
0.000792779637719 0.819320262669 0.289073625104 -0.264350079408 0.596132524038 -0.528891605683 0.0508128545002
0.00145904762348 0.605277834868 0.0698622181839 0.123810444669 -0.257615852299 0.515722661064 -0.315536136573
0.00124677139184 0.237425692745 -0.0212284312957 0.46743081947 -0.316781424927 0.633044217631 0.126524437099
0.000655370507045 -0.571628565219 -0.174756134758 -0.153045163604 -0.561640559668 -0.113740332181 0.456772348336
0.000615420965208 -0.0661779716167 0.98697771642 -0.0587472160945 0.729558077362 -0.256218918939 0.406166228857
0.000626959991371 0.107933486838 -0.428733620128 1.04865510372 0.0143061023995 -0.459201928515 -0.262554633275
0.000565059990856 0.865319592893 -0.087876655391 -0.296974528078 -0.442679523553 -0.262069064383 0.116798951626
0.000971860535843 -0.259533204875 -1.09686361843 -0.285823005484 -0.537882503463 0.133297988633 -0.48720588342
0.000647782349428 -0.456770999876 -0.538635192146 0.801399602436 -0.119051590604 0.651195632943 -0.339511322518
0.00127084267976 0.163643797224 0.275378926848 -0.448592279879 -0.473483767374 -0.42324202418 0.508034255038
0.000588695367606 -0.329591240668 0.726347140509 0.533297526865 0.412369000844 -0.195376709506 0.06417017964
0.00271976424558 0.0396912859521 -0.52083644223 0.948324995933 0.262978858333 -0.569862347706 -0.520826584227
0.000672599450289 0.405111284343 -0.426109157857 0.941072567222 0.554904738915 0.281704179678 0.26558294666
0.000808271502585 0.484249393317 0.869218400204 -0.552369604476 -0.190120517655 0.452795631998 -0.62956308202
0.000578419135761 0.497895753863 0.264372807839 1.00895202683 0.0426590794349 -0.036131688243 0.0900117125508
0.00150465119599 -0.0919622556959 -1.14387363945 0.0374951088576 -0.44102038574 0.0994296399313 -0.0208002437712
0.000591745616577 -0.958747475714 0.176744251528 0.133174399593 0.223603767236 -0.153174789263 -0.0901989340065
0.00380072819054 0.320234937156 0.21978556161 -0.698496677206 -0.0538475987115 0.604946708078 0.349135313305
0.000861173611728 0.451887629993 0.1841908353 -0.541271060181 0.0793543776918 0.0317415408574 0.293015201476
0.00300595857907 0.278353716496 -0.420942458022 -0.859047953872 0.484544395733 -0.477731312811 0.417692018482
0.00091889289288 -0.357490991136 -0.790701571004 0.112988755461 -0.338313547727 -0.0507474692572 0.261844332592
0.000632804048483 0.787820267275 0.0598224614568 0.0138592351377 -0.438683730948 -0.331102061118 -0.221882459394
0.00128225621048 -0.507642213086 0.420581839195 0.614849919212 -0.732543100407 -0.0700846347314 0.372917204496
0.000787827141895 0.397328712526 -0.866573642534 -0.124480361454 0.724685808411 -0.0356135782684 0.448485383037
0.000950811839553 -0.462348577426 0.285808393851 -0.00820604921431 -0.583243358606 -0.150205639859 0.336257018499
0.000748066989839 -0.932376699107 0.47124640992 -0.157772919124 -0.758742718491 0.275462869089 -0.00204555132376
0.00137160808117 0.261127755499 -0.96173792646 0.0886565284997 -0.630508890662 -0.17792450818 -0.086804395617
0.000646135441504 -0.319543949727 -0.803880088048 -0.0285887521393 0.512402221767 0.292213089585 -0.0964044483457
0.000654248509164 0.462117481871 0.360830089394 -0.909943739996 0.155875908699 -0.621072072925 0.55915956384
0.00112449914553 0.129172677828 -0.706108140447 -0.0769713304342 0.489000116801 0.529987628407 -0.428609313682
0.000664254268144 -0.0587783361381 -0.139636444608 -1.10574020198 0.00306673880785 0.117407128837 -0.628549097833
0.00234784672146 0.00932446749577 -0.817527987972 -0.619449634257 -0.781295503783 0.311405148275 -0.081405492089
0.00078324235534 -0.0152046880747 1.01660083593 -0.219089809156 -0.309468646376 0.210511666628 0.557872699651
0.000752146759097 -0.877105894774 -0.716028803605 0.0556551262805 -0.158441838655 -0.20048255196 -0.506823542221
0.0220387180037 -0.609363830799 0.760739173946 0.263142228097 -0.590912780043 -0.322306096264 -0.116878902266
0.00147418645324 -0.00391550332113 0.463926059936 0.294312194674 0.745554034098 -0.0173306141846 0.236204992796
0.00177527161539 0.606578505311 -0.0191185973438 0.145698167105 0.687529488381 -0.0781699140323 0.0472746273772
0.000966206830151 -0.310915000994 -0.639320127962 -0.399617510588 -0.0610072739167 0.0215379341867 -0.683961435899
0.000887965443429 0.756976515665 0.394680195088 0.267285095746 -0.121374386094 -0.821268040808 -0.0107547334109
0.000794246542089 -0.634124632134 0.492446817102 0.352636066084 0.330333184887 -0.206516493985 0.0579309898004
0.00152850416092 -0.371152277098 0.642275179438 -0.560387716907 -0.413732134456 0.36232474881 0.115220490576
0.000890742663835 0.593506085232 -0.170811410122 0.128058928681 -0.0851343083454 -0.308020989282 -0.152817459009
0.000622367799475 -1.00349553185 -0.507444700674 0.153669171816 -0.218870738355 -0.0410767625591 0.578795400807
0.00114367141009 1.04584387599 -0.285508373408 -0.343450355514 0.730795230638 -0.268225177103 0.391831700268
0.00187798324973 0.222642919228 0.100209046437 0.593774656391 0.640117500218 -0.526938168008 -0.155769785854
0.00115867388861 -0.309488823447 0.477420764461 0.52033614493 -0.589331882948 -0.0275991475303 0.517815607976
0.00184054154369 0.977994942343 -0.126139773585 0.329332688955 0.0680924917915 0.765195684503 -0.301504413002
0.00256055295613 1.00982192131 -0.28674504863 -0.434724333544 0.269780126971 0.335116128842 0.0417194799561
0.00063217590653 -0.914502376459 -0.285281689619 -0.487933294239 -0.373151380855 0.594937608928 0.332649662797
0.00118711717967 0.187865925635 0.672024358462 0.158486497447 0.0820519552306 -0.14216646936 -0.219433917666
0.000647354831839 -0.0710776764613 -0.463866923202 -0.370495396538 0.626642287482 0.0900135615473 -0.246551020863
0.000642318926688 1.07356471988 -0.0881447079531 0.167011955057 0.267584370081 0.0652421918281 0.0279799853856
0.00061167344802 0.283319354846 -0.758231504276 -0.671185203516 0.344296281159 -0.406020548493 0.491046322128
0.00406484725042 -0.20693832656 0.22764164978 -0.832814444263 -0.662366796541 0.0108000547858 0.352944864049
0.00434067686563 -0.759037536332 0.236750932387 -0.689547788756 -0.407970570379 0.128075671094 -0.534740342077
0.000727105019469 0.268477838375 0.158978645048 -0.0961916691291 0.0681535198757 0.164389068479 -0.498876240541
0.00540089252621 -0.386826722176 -0.51058232009 0.831774837238 0.225741790807 0.657867324817 0.509170014841
0.00202893684376 -0.0875601447296 0.635187210655 -0.752243459871 -0.103555857078 0.219239607421 0.829721858032
0.0247399924193 -0.307703103962 0.780679239128 -0.324904907634 0.526308339711 -0.277264548169 0.496390516929
0.000891284899333 0.652187759421 0.599999603626 0.311975592354 -0.695843669294 0.376691451719 0.0946301860806
0.000945064421703 0.65553999606 0.576861054445 0.137375930385 0.0126562278067 0.709868061651 0.0278303780226
0.000922909808354 -0.501727237003 -0.233510251475 -0.0756577888641 0.110356388334 -0.389646066592 0.419387450046
0.0023100857807 -0.466390462924 0.50908027164 0.15732615513 -0.0571169271747 -0.30478547127 -0.609881366424
0.000761023236798 -0.0329410250629 -0.350342361332 0.766908097313 0.314102070379 0.372052915617 0.181583022923
0.000726101969751 -0.337532439588 0.831641955381 -0.68722160484 -0.358424175155 0.460877641195 -0.524398104679
0.000895365767912 0.309072625566 -0.498488819627 -0.528209637899 -0.381497176249 -0.585938412649 0.341065437378
0.000816155539257 0.0452607409335 -0.0196500568087 0.994422785035 0.181057523329 -0.0648462064108 -0.0819352799712
0.000780417290422 0.331289475497 0.40861400576 1.02755767899 0.126006359848 -0.564576856579 -0.483984554565
0.00110774983984 0.101597457997 -0.884247212257 0.0245854776484 0.587027451321 -0.0292025762644 0.234159006744
0.000787923064651 -0.257322962241 -0.347496691827 -1.05363185426 -0.197976916083 -0.312501403793 -0.664263306409
0.000564624202131 -0.0463067465661 1.11432747822 -0.112363973183 -0.109668281183 -0.180255176892 -0.00911977332016
0.00113567830669 -0.238425449759 -0.0745065366479 -0.48599422791 0.203521063836 0.170234594562 0.406615710747
0.000727391565447 -0.633192007822 0.196999238299 0.140789434995 0.745339238753 0.139298060466 0.210210111379
0.00222689729865 0.20532000874 -0.553066169802 -0.530369924971 -0.811515219418 -0.148536494962 -0.153687658178
0.00241162935339 -0.655128666299 0.417257133274 0.422160885321 -0.170537065678 0.0076979001093 -0.527471006567
0.0540594536744 0.500930807349 0.2372363175 0.918849616461 0.0695547329974 0.510435878682 0.42316655011
0.0774472799398 -0.313212466138 0.466147339084 -0.872404081784 -0.184797846174 0.82961563968 -0.142550018572
0.00139640531544 0.0248158685873 -0.721234427967 0.439987341173 0.0913095598811 -0.0382528750591 -0.597720725992
0.00108317531736 0.319043436994 -0.119906574315 -0.77395137607 -0.0825517037916 -0.45370212861 -0.250834582846
0.000605069013696 -0.187795007468 -0.9773320041 0.458274507088 0.550725406217 0.29558507518 0.349541547825
0.000894532068831 0.421418875578 0.653987380987 0.798084252403 0.0859254524005 -0.429504648634 -0.739357763897
0.00112066182132 -0.49998439201 -0.545844173445 -0.675386766242 -0.380075798805 -0.015004600005 -0.0288965115875
0.00366222311161 -0.464254476341 -0.2052803844 -0.391706462218 0.396696194547 -0.173856654991 -0.579242882032
0.000569736305701 0.270717695215 -0.913047899537 0.616665178749 -0.806800707397 0.12917698515 0.0218316106733
0.00115124506789 -0.358917959047 0.330318292216 0.618810207453 0.421377533674 -0.310608223456 -0.202669594589
0.000689089333107 -0.377544131451 -0.156506530462 -0.119079462401 0.389223991048 -0.705548374397 0.11473803901
0.00167253000268 0.0450239085548 0.0562114182446 -0.131757085356 0.535856031235 -0.0603741271014 0.125001261267
0.000646010705444 -0.459797725145 0.722628953249 0.256220916191 -0.247287361674 0.249655872622 0.0606729999698
0.000642691273055 0.635551457182 0.556453240806 0.500523319565 0.286987239061 -0.571773633745 -0.498504708653
0.00105747390133 -0.120705047182 0.0673118648155 -0.479722787384 0.328208083212 -0.185067609218 0.760977213386
0.000838777341064 -0.574835053985 -0.725361609921 -0.313970511491 -0.020342868983 0.70331553223 -0.198510707212
0.000943063820491 -0.0497243548533 -0.497676000925 1.02741163518 -0.345654984509 0.0494037018808 0.191380081963
0.000884957351762 0.317803490269 1.01422361136 -0.082383435856 -0.116947965229 0.68452359177 0.160964980804
0.000648418836101 -0.332707826746 -0.441394946928 -0.793692160928 0.0794556259356 0.50184502852 -0.100811600593
0.00309675488384 -0.467569545788 0.609705575391 -0.482192552734 -0.696253888225 -0.0390114655268 -0.516397425563
0.00446836458607 0.42827615976 0.579327064773 -0.0107917853627 -0.152555325561 -0.107085631969 0.498623865182
0.000971111358048 0.262302146764 -0.0443988162866 -0.753417176011 -0.0827576408073 -0.533063026896 -0.685200551119
0.000716836628621 -0.953132041216 0.559682040793 -0.138187017803 0.280229221549 -0.62829997328 -0.107135805101
0.00126582661291 -0.505547389127 0.285515263918 -0.975149499323 -0.211057160556 0.340408620683 -0.447539325313
0.00149366411959 -0.417952886641 0.0691706414386 -0.423729218549 -0.316853535244 -0.478935694473 0.118632988381
0.0108575236001 -0.135070689083 0.349630656571 0.896503362547 -0.488568486396 -0.0531266480775 0.426026836
0.000651151098955 0.171271241735 0.803006216207 0.441270310805 0.271560332566 0.340083276541 -0.63960981402
0.00423862724845 0.142979500435 -0.821383328766 -0.0152144259622 -0.0467500020768 0.173862568471 -0.414992008809
0.000781409247768 1.05509897823 -0.246904036407 0.191833525812 -0.705674665108 -0.306240229246 -0.436548919759
