0.00216072951605 0.340044900912 -0.485856091902 -0.0401344316533 0.169591253495 0.137669305071 0.82655165449
0.00744662027894 -0.261423768151 0.279360487147 0.657087483589 -0.650630114455 0.42608492155 0.326394380354
0.0014833479124 0.166637055306 0.73213936425 0.20181594765 -0.480217168537 -0.228075198165 -0.591874248231
0.00171442701773 -0.308901712389 -0.388021276948 -0.0339859058742 -0.694570430949 -0.283717695272 0.177065352091
0.0014225969552 -0.596263484062 -0.0826138449254 0.0941676880515 0.29805771295 -0.366169802546 -0.489780666993
0.0701437550456 -0.62433691588 -0.44457597568 -0.0189380854568 0.0876487187423 -0.0180364220511 0.545123988918
0.00214947331463 -0.161497155323 0.278682194361 0.418935363723 -0.214940892366 0.179657581797 0.916702256716
0.00930364616616 0.799754220787 0.345739995102 -0.227005533093 -0.466200673149 0.278284661101 0.560550404307
0.00263122473653 0.651504973087 0.146183817584 0.438324944567 -0.443084349231 -0.801199601484 0.173049344466
0.00648126153272 0.198768330842 -0.671254684055 -0.433303621446 -0.344686433045 0.118795685059 -0.841463980179
0.00167763863224 0.130315738376 0.0440929150969 0.141749377625 0.50226123318 0.220815046931 0.0618170235503
0.00157756718201 -0.333643780746 0.706986682736 -0.0678426749365 0.0751185817451 -0.122027801132 0.630809821718
0.00309066106026 -0.524106537605 -0.356641522757 0.24914824028 -0.414367046089 -0.317115851978 -0.281758566541
0.00237145182748 -0.397014065539 -0.776953546105 0.280985611211 0.429882328706 0.728745773342 -0.41165421826
0.00182562088086 0.708197646035 0.349425641817 -0.425914039134 0.518755105201 -0.333619426839 -0.0332059252815
0.0016497363059 0.220878179776 -0.288397744613 0.589591815403 0.399549844212 0.419443806438 -0.745217690801
0.00553314767637 0.80706800541 -0.0955000613015 0.178657676424 -0.519802203622 0.545096284468 -0.538110457158
0.00173558553993 0.383844313096 -0.56381057488 -0.139487233512 -0.430331765993 -0.396081733207 -0.759469117127
0.00144960558288 -0.167249236609 -0.0664324851314 0.584110599765 0.4714828307 0.603429657349 0.524911341492
0.038615241352 0.46708592688 -0.699652566278 -0.0627178422033 0.0587920458606 -0.640556992969 -0.721615922943
0.00412841679739 0.38169149623 0.106921936445 0.109701464684 -0.297096581832 0.0261291561924 -0.707803450518
0.0020052585294 -0.109224003114 -0.731890874014 0.247577190814 -0.126733647358 -0.00275472034647 -0.518390135115
0.00235881152661 -0.566728364704 0.0269914028995 -0.316470214689 0.225615144499 -0.012422708839 -0.361758277058
0.00444477506689 -0.0675849503143 0.508903156867 0.0101632625963 0.363605278587 -0.200677995922 -0.0638368120082
0.00207955509623 0.705960487665 0.221076965855 -0.0571922149935 0.803410652777 -0.0717548750771 0.33699460421
0.0106296088899 -0.310921052739 0.594949252497 -0.178199423003 -0.353497700549 -0.109379366632 0.0990410262729
0.00146765546999 -0.0562214877851 0.343806695585 -0.614656124489 -0.587770358173 0.0678662861003 -0.561930841019
0.00350064084751 -0.163990892262 -0.119318475549 0.207598754126 0.38025655731 -0.0468046282104 0.686248130253
0.00838522061425 -0.0499683044501 -0.572559516597 0.535183260662 -0.498602820725 0.653936832481 0.3113100647
0.00176292585636 0.310278952856 -0.547530255505 -0.42118594209 0.139833857661 0.294789673271 -0.194094829007
0.00672377208498 0.182477524823 0.270828052176 -0.444545393153 -0.0124298922333 0.344724269822 -0.562935770305
0.00141390264324 -0.265592459165 -0.510912456536 0.535997001803 0.611285251248 -0.647656232912 0.0628123047029
0.00359709958763 -0.158835318114 0.280715735697 -0.264987044666 -0.197064984576 -0.275629826933 0.0268247831474
0.00161710017802 -0.0193079517644 0.436852903698 -0.470936393 0.247643019784 0.0718972516366 -0.798762186651
0.028045972423 0.284322468061 0.292514246756 0.606982752928 -0.233619629949 -0.53103595444 0.129175545597
0.00403421558694 -0.412505001319 0.00988532424893 -0.202696761993 -0.882751424616 -0.22356869152 -0.0288200639237
0.00270981849642 -0.0995416865533 -0.494607814855 0.153489916178 -0.324261989403 -0.650598923234 0.0911256369315
0.00270949571597 0.277066154956 -0.506447596249 0.0757950431337 0.0797566252462 -0.0358616775 0.244132156579
0.00303090922048 -0.0585230239072 -0.316082894279 -0.248459417288 -0.141771507721 -0.386964063597 0.789697113433
0.00147163734268 -0.0332260332303 -0.776953271922 0.129561018755 0.059076722488 -0.904568768115 -0.254797249726
0.0026926137957 0.203220700181 -0.63894186551 0.488071737981 -0.109510410643 -0.590500156416 -0.098433444818
0.00254689388228 -0.514278529794 -0.267761198986 0.344564444429 -0.286878532314 -0.0663017496135 -0.356874063987
0.00176787917917 0.328398070743 0.793167844133 -0.16017178405 0.629020399527 0.490044104451 -0.60677979171
0.0476956953227 -0.568903878654 0.172161506133 -0.4689989799 0.428761233535 0.614052009164 0.309339925993
0.00275126159245 0.0308177261994 0.540558038723 -0.309507708462 -0.176590473102 -0.382656485846 0.1112252584
0.0014682482098 -0.0531783463199 -0.906918224389 -0.00364165357007 0.293560101565 -0.737335990472 0.357136894536
0.0015232505885 0.109645795661 -0.379538393534 0.777289727275 0.71496226027 0.309656740076 -0.461718977922
0.00141269316818 -0.129661778407 0.251038901088 0.0868725003336 0.14380107143 -0.277841320819 -0.316465713982
0.00204932912134 -0.370035094569 0.144529702386 0.580331966086 -0.198475313273 0.478720142405 -0.179247664301
0.00361276104416 -0.204322548866 0.125968025838 -0.482880289193 0.11499683525 -0.729141566554 0.523773362172
0.00205658617938 -0.466412598608 0.181335960636 0.576706750978 0.0698175165031 -0.411486777388 -0.282199500654
0.00427141081242 0.634186772375 0.0601109981226 -0.475459898301 0.462824908755 -0.0608877571166 0.417864041193
0.0024969850513 -0.184144260094 0.659046462349 -0.059415856815 0.736659224206 0.122732647414 0.2996407603
0.012915658802 0.0382594096305 -0.2550623683 0.154586933841 0.677309755465 0.20269387054 -0.0529304657954
0.00181568899981 0.279433156629 0.454265149153 -0.303894691674 0.407855216747 0.169259603289 0.829657058863
0.00585666913969 0.534508167721 0.104767889765 0.311277115365 0.453661116036 0.54626941832 0.531867149418
0.00166296530245 -0.4769782431 0.594599752969 -0.51631827743 0.824734007587 0.5434033653 -0.0360501879668
0.00483141246383 -0.00940536569618 0.271234309722 -0.493228853803 0.114512594651 0.701634621726 -0.543284855114
0.00170565871522 0.00685291189807 -0.84071841361 0.166183444018 -0.776928104722 -0.168358036831 -0.483165434081
0.381841405703 -0.151342179805 -0.514043743353 -0.536741175969 -0.0315301859021 -0.096033008758 -0.580186704772
0.00138225358502 0.112221510029 0.0390096741011 0.741782446532 -0.19136983165 -0.0974472093948 -0.0330199963801
0.00202542132083 -0.453145909438 0.530334058693 -0.185623833782 -0.227492395016 0.0364192183033 0.89512128344
0.004463315052 -0.242920823191 -0.399350030401 0.519198105204 -0.628906496443 0.287800004062 0.403322165104
0.00225957622844 -0.533572891022 0.246424481554 -0.0980429576894 0.269365069267 -0.555644199707 -0.517406969092
0.00194533005273 -0.640274965849 0.25093747457 0.185836829646 0.0987140807734 -0.547459492471 0.0798264480969
0.00173446277918 -0.201540869029 0.511237768438 0.135700429705 0.116745281791 0.682684660887 -0.125406975561
0.00135930172746 -0.688331119337 0.218892618793 -0.2245449432 0.639212657441 0.0404719534369 -0.172893540185
0.00166747455248 -0.46730590021 -0.523425405443 0.448438473116 0.42935955088 -0.339758531352 -0.67439071315
0.00136768884467 -0.178124281644 -0.312796393161 0.158953173849 -0.115096224771 0.674297379965 -0.227733381492
0.00231658508404 0.0547417009383 -0.409775687862 0.255500869228 0.137592340729 0.194086772709 -0.00239876369016
0.00215650641996 -0.450736235836 -0.254966736099 -0.405667585758 -0.508976371251 -0.796952783023 0.0900281155443
0.0117964710722 -0.512087162569 -0.17696025349 -0.34784156113 0.0838739800388 0.308448355969 -0.0723515287873
0.00204118189466 -0.481509696033 -0.318549095568 0.318094778862 0.293223167815 0.0870113025373 -0.437417713427
0.00159209879915 0.0841985213582 -0.760744736374 -0.327658728964 0.548652471983 -0.416724148281 0.60655861866
0.00595381764879 0.135205548459 0.445205853239 0.119389101966 0.0640514734699 0.186593889195 0.96284710058
0.00170051311393 0.353817813859 0.699626536806 0.21051965612 -0.118749577818 -0.528585456927 0.649005265251
0.00172213021769 -0.826965380983 0.149768080005 0.189851732167 -0.241241406479 0.0381982773677 0.00994119396294
0.00190135108462 -0.577728498539 -0.466773498753 0.279875289244 0.490393686903 0.499850646962 -0.196316040812
0.0030595907373 -0.129190743629 0.0549810168463 0.716195731207 -0.247294009249 -0.296384518504 0.885261383745
0.00220938863935 0.104535985807 -0.62698815858 -0.600402113448 -0.818050838732 -0.336161308566 0.432899337383
0.00186781172814 -0.259500833777 0.14874911715 -0.45948664139 -0.148865445694 0.585879554212 0.374880379845
0.00206210603927 -0.175478970147 -0.0824796850968 0.640932010391 0.270092635922 0.466955088386 0.0320836638391
0.00623179727559 -0.30075156794 0.0275027186439 -0.652134102194 -0.554848388516 0.369084396537 -0.19734110044
0.00223354587683 -0.387738828404 0.00547813872077 0.0480501383776 0.211238436498 0.689127820683 -0.301042957875
0.00178214934415 0.107735696156 -0.152990207965 0.0954208245422 -0.413279365942 -0.775886981984 0.277584687996
0.00145893683132 -0.250714567234 0.0276668153643 0.048189607192 -0.128125103879 -0.0148461407221 0.722336474377
0.00525551901705 -0.226670752208 -0.309865112599 0.212689416196 -0.166492475659 0.593463377379 0.199052855442
0.00400997355468 -0.389288302466 0.242384295041 0.435152106554 0.108755949923 0.826681563842 -0.510287824784
0.00215761314979 -0.424733539239 0.17525072867 -0.654034765086 -0.179775054314 -0.389777673092 0.431556545411
0.00300967805667 0.0884165700596 -0.64520102346 -0.203380671975 0.0896941744751 -0.519866673782 -0.519760695939
0.00350491490978 -0.496699790394 0.387471326514 0.000884609957937 0.121689124674 -0.339518839184 -0.160345416227
0.0030282171899 0.0611148201554 0.382452572633 0.51924191987 0.870163476944 0.398970235591 -0.0803431339771
0.00203792132955 0.674037193937 0.427980171848 0.206203020766 0.0445578907595 -0.787040930735 0.406101314896
0.002011350897 0.247560036931 0.126320841221 -0.235616043176 -0.689890194333 0.478852931986 0.000922004057536
0.0109079088362 -0.386589713836 0.319441602811 0.510481506833 0.871441975351 -0.0919644833942 0.0484255604421
0.00177122623219 -0.343384457054 0.757965201013 0.116007248341 0.292186899708 0.454499135875 0.346971180162
0.0076638761926 -0.216606677639 -0.24028733409 0.52120956843 -0.0787597259354 0.928196991506 -0.206663590052
0.00235831894298 0.575512581758 0.0810501990843 -0.0633729554518 -0.396512384554 -0.488815693135 0.133846226165
0.0015323573418 0.581302562944 -0.539797287072 -0.0129116810858 -0.412237720436 -0.317709633429 0.71030012361
0.00507047021432 -0.200544970182 0.164402882084 0.244859271949 0.891337987361 0.35964542758 -0.0568909576816
0.0172891995539 -0.117187660114 -0.278884792065 0.868431424596 -0.58553924546 0.636050847519 -0.272653150456
0.00286166177494 -0.448074489288 0.440984277608 0.0282692978832 0.468571269371 0.483853470896 0.181560517398
0.00187424270096 0.35851257429 0.538172911367 -0.0811338529238 0.0236406293733 0.00405743978372 -0.195044985594
0.00248758987362 -0.217748904457 -0.540114556591 -0.24977067309 -0.571493734854 0.108698512908 0.59284035198
0.00525068704545 -0.21917758632 0.476366886301 0.3425605884 -0.887828162262 0.198082885694 -0.209607174696
0.00221292645884 0.0472666997146 -0.311029813656 -0.34177203929 -0.260327126474 0.661193009336 0.645180009327
0.00247329731451 -0.748500437552 -0.0748950722834 -0.319526795068 -0.851432174786 -0.0590445073319 -0.0746302979108
0.00191736849282 -0.29629065964 -0.59866943696 -0.628705469464 -0.0422722941704 0.710600487221 -0.23446924786
0.00203512879798 -0.0403273434126 0.103850756862 0.579830827424 0.504976216794 0.120531440018 -0.523228940904
0.0125132639436 0.0881052074187 0.686603659156 0.600489182532 -0.423332661005 -0.0844179005648 0.742536994999
0.0031126856312 0.662945851091 0.54016085277 0.0110904991749 -0.39929119676 -0.0558114973251 -0.506755702018
0.0076965554707 0.262292131855 0.292457350765 -0.429393529673 0.309890128005 -0.553101334453 0.327467372318
0.00193414842641 -0.733639347926 -0.15197189653 -0.258382711548 -0.844940642022 -0.220953882055 -0.109821706542
0.0182390258646 0.464823188064 -0.494502396531 0.508279242688 -0.759815653808 0.413922475099 -0.188542887163
0.00545193218681 0.319005549326 0.753805531566 -0.291498117685 -0.485072547569 0.317585874686 0.601205415973
0.00182987955075 -0.567659158804 0.0523764626945 0.598338983052 -0.556083904074 0.00793754439968 -0.2794670015
0.00153913501518 -0.197783128361 -0.589897735227 -0.0625015800315 -0.274280762491 -0.556514073132 -0.607527764923
0.00160087580457 -0.148804832699 0.067807589389 0.0639264841896 0.301194131037 -0.666409136036 0.332581281188
0.00168704433795 0.863214789126 -0.0989954587992 -0.0738411887467 0.829345625858 -0.0964046225504 -0.478980998068
0.00151058056246 0.298410150412 0.357542790259 0.660724982349 -0.487636565833 -0.246490845648 -0.788724293509
0.00203855598446 0.452987518712 0.490708138365 0.542024208208 -0.694037436622 -0.153564650232 -0.534459685031
0.00230812998623 -0.407319361063 -0.773140306605 0.177794643467 0.868415572452 -0.12051368892 -0.229975413856
0.0027084898342 -0.74478409009 0.436207198259 -0.218988345037 0.36157116983 -0.455996204431 -0.7084132997
0.00762417676255 -0.209532122633 -0.404741795768 -0.0585158540355 -0.52184903902 -0.123738930092 0.169011862547
0.012767143131 0.415975363081 0.699210991448 0.359746404752 -0.421982803282 0.616440871759 0.497490426435
0.00162813051437 -0.407232474407 0.148144897771 -0.775874834359 -0.830272826694 -0.0748574420636 0.233816286978
0.00159608784154 0.396355321264 0.319465029626 -0.11817980154 0.234461968218 0.607470398235 0.417701441103
0.00164670776103 0.462722923097 -0.076485927961 -0.264112364714 -0.603953215456 0.483323846538 -0.635673480448
