0.124555215894 -0.127406471744 -0.138096875839 -0.893220397333 -0.10778229444 -0.280536199581 0.819946702904
0.0263046265277 -0.618840377574 0.410361495253 0.17477233327 -0.0620251134937 0.698070285536 -0.306502935541
0.0315771194045 0.262931613949 -0.602665471855 -0.1835363165 -0.20685759543 -0.658425179662 0.0949523204195
0.0185659707071 0.0662262105748 -0.934300382774 -0.144593331136 -0.168334106163 -0.163381588193 0.585695875152
0.0215442074873 0.17789621518 -0.801825141616 -0.377435713216 0.315619886604 -0.047228673374 0.555759620253
0.0382755292106 -0.870106144069 0.282916339921 -0.152203719219 -0.209537656739 0.281044652692 -0.215197832403
0.0323268754117 -0.818921586095 0.0104027857957 -0.382199013646 0.0339583889291 0.245700559626 0.253570514378
0.0303963279545 0.0447437102515 -0.158272769452 0.492573313204 -0.637338883657 0.342567080872 -0.24775310354
0.0680762566727 0.314591849432 0.00864830308847 -0.253447988433 0.0290475297445 0.0863316600187 0.091297260695
0.0211493626182 0.645120079496 -0.185294759457 0.226171599382 -0.160275170571 0.80418537897 0.358345341697
0.0600610990611 -0.0117771107828 -0.392924563644 0.313262301206 0.194351548066 0.802274866334 0.274353354389
0.365286902291 0.332542655833 -0.0602452695783 0.415372474646 -0.345181293043 0.231804367696 -0.660782252701
0.0442101954367 0.482748427586 -0.755999743247 -0.145498307992 0.644027244628 -0.131867599886 0.197800911702
0.0207290476054 -0.574243259211 -0.143778367626 0.215786435735 0.287600580054 0.0733128057627 -0.196716192941
0.0748106295347 0.440348020373 -0.0181453478554 -0.64805464083 0.208508402754 0.0553625163232 -0.0461586976044
0.0221306341826 -0.288138286087 -0.49804534781 -0.763412088298 -0.152022667258 -0.847322543815 -0.052853529891
