0.0497268775379 -0.21728830516 -0.105892983887 -0.406317567114 0.415519069537 0.172572661897 0.441234235292
0.028246403674 0.373819401208 0.329524481687 -0.327264891351 -0.617716410579 0.333366867571 -0.133946422285
0.0582281460902 -0.411993825996 -0.0125268143079 -0.706179896743 -0.763521773863 -0.0451887081744 -0.45658010184
0.0369756911525 0.475874789889 -0.595304094023 -0.30037674323 -0.424040604819 -0.61106699701 0.450430103738
0.017976733682 -0.585152327499 0.694919436769 0.564057443646 -0.375873966827 -0.580251691459 -0.18072159783
0.0171163589572 -0.277152685781 -0.545614329082 -0.233300822011 0.299844985175 0.460375206215 -0.227320193383
0.0429716973444 -0.52246909291 0.720774788314 -0.571433533693 -0.428786929533 -0.392178060299 0.247703893056
0.0168124152751 -0.416119272641 -0.0250170097628 0.716878087437 -0.178555525718 0.341017715354 0.246626483665
0.0300623537009 0.272950442416 0.0258732731422 0.990845812067 0.260721406036 -0.63682534995 0.17591573068
0.0443570451268 0.24887766664 -0.236667823759 -0.582837223959 0.352775731414 -0.385970189512 -0.601628418846
0.0601105261333 0.446228672119 -0.524287187195 -0.602372503544 0.0919681792939 0.0922902384138 -0.432968717793
0.0290274904883 0.0930853237563 0.751737718381 0.0788634935401 0.643066706116 0.274254534313 -0.015076702048
0.0168811883602 0.543610498768 -0.408685848783 0.586450940627 -0.0428450329644 0.325221354187 -0.609223050764
0.0278051403022 -0.865311545775 0.0440190014073 0.0705044743741 -0.285082575279 0.768975039368 0.110113908993
0.0338530537699 0.350393942878 -0.594514327014 0.839932592962 -0.548195054239 -0.377504599115 -0.198285212542
0.0258516320212 -0.281173225404 0.419103183821 0.108183248666 0.0897275399069 -0.403766000542 0.406397750836
0.0395050809631 0.864921521222 0.585073130723 0.0938386181414 0.199970610403 0.485872216947 0.496040307068
0.025080233283 0.397620051369 0.497589982219 -0.733478712594 0.0284094947229 -0.742330579085 -0.276538026807
0.0188806853378 -0.363299426914 0.05350020987 -0.356466555571 -0.262902712229 0.546575427278 -0.582973797215
0.0164056866317 -0.34712750479 -0.405159621805 -0.535474919134 -0.17999914034 0.0781230331338 0.338788296319
0.0517511573795 -0.961601530451 0.00693024065291 0.308768767477 -0.695210806969 0.232827012828 -0.00182769535839
0.0222678954075 0.554687541698 0.726555734352 0.274295812763 -0.119852922616 -0.00894756383887 -0.509534524325
0.025667298396 0.369267128621 0.65240436767 0.664753704842 0.0379193688054 -0.14544459261 -0.566659681439
0.0409033680515 -0.782467343275 -0.2094496625 0.588787148258 -0.0453970137903 -0.564471710383 0.606163258167
0.0229853564307 -0.545818039674 -0.021201113265 -0.240194518366 0.265349400507 -0.297166409206 -0.279437911183
0.0189841827876 -0.336106198811 0.207756107762 -0.0185906304933 0.311975832538 -0.0312897789921 -0.608208967295
0.0321660005416 -0.361373697169 -0.863845987831 -0.329967926712 0.197095372553 0.194316080607 -0.709030053312
0.0259844033596 -0.0264153956752 -0.617294719243 0.383803650126 -0.366260111934 -0.161472741496 -0.724051103013
0.0202615986766 -0.444920012938 0.515833355335 -0.393129561138 0.433685425094 0.112078121033 -0.567827463252
0.0397255600808 -0.364261494189 0.841192923783 0.459607692799 0.639360939194 -0.188703038455 0.495436283612
0.0182777401819 -0.4468875399 0.19461364113 0.45858567865 -0.174285284523 0.393473318492 -0.0761546768659
0.0451509988753 0.372469681753 -0.10329875917 0.243273412713 -0.115005067539 0.281397376523 -0.561483109319
