0.0293711006399 0.399678568557 0.232560858006 0.659444829995 0.216998968343 -0.605585228484 0.0219236331849
0.0129265108431 -0.515315053427 -0.374832976732 -0.345763879529 -0.368646744205 -0.724703128068 -0.0230372624009
0.0172380797723 -0.0482841298066 -0.57038088389 -0.687187183127 0.246219894698 0.792808278656 -0.0369161725715
0.0925913550507 -0.944603593703 -0.116860749446 -0.323466864843 0.495069142019 -0.380052067951 -0.11182066527
0.00572226674575 0.0641907358912 0.32365457123 0.995673693699 -0.545513574652 0.0151336842994 -0.556542949973
0.00772981433803 0.753099949332 -0.829082477806 0.0721695514428 0.116352731366 0.453669769846 0.32262066371
0.0159780085762 0.306774454955 0.718710090231 -0.123149700713 0.329975954463 -0.283318438682 0.00277445784537
0.00783018693283 0.147422488408 -0.00868219809509 -0.758611973276 0.0963991794325 0.563828380496 0.627445569192
0.00674105877939 0.244288492582 -0.502393795169 -0.194952401678 -0.226491909529 -0.149172481805 0.673353888175
0.0147367826193 -0.365875644771 1.02702203593 0.310978476094 -0.672839731462 0.047377446237 0.0725757808453
0.00602378682634 -0.15985341763 -0.520712547314 -0.257800880777 -0.0573883269643 0.12204979945 0.888873988063
0.00998541975665 0.131588806174 -0.526333252746 -0.69887096708 -0.121130755633 0.201903672734 0.868660052958
0.00950103635758 -0.724103946335 -0.372166628355 -0.695195717947 0.0479713525135 -0.0183129245566 -0.279185787804
0.0155678862096 -0.146369578903 -1.06339837906 -0.404385442977 -0.0657103787773 0.569888185368 -0.0851862294492
0.0116814317426 -0.224086953615 1.11707249046 -0.0587632487928 0.486102369652 0.546383814917 -0.19078506006
0.00671323947733 -0.826597220743 0.0638538629161 0.618471505579 -0.272413449635 0.553158991971 -0.119279864985
0.00728736094697 0.221700249903 -0.736563567134 0.0248112505612 0.688116764589 0.0210708740591 -0.620262645194
0.00548338256827 0.889822540417 0.0913960322144 -0.237709743871 -0.0732563290007 0.427200758436 -0.489203880715
0.0364729244177 -0.45701297634 -0.300508470079 -0.0378138857204 -0.109167523462 0.505047039367 -0.28608276024
0.00587358867924 0.713195850565 0.649886297037 -0.313064738588 -0.0398023429723 0.216864396293 0.593551095199
0.00638765522169 0.745915953706 -0.665490720372 0.35017439631 0.361087169172 0.0327847913386 -0.732536400472
0.00749422040132 -0.297770113577 0.434249544785 -0.442658668986 -0.142812059797 0.787506262215 0.421891625817
0.00644421929386 -0.486137941468 0.248668863813 0.113436108391 -0.267690038587 0.364654692342 0.678356884282
0.00675282999247 -0.3703150244 -0.134803635182 -0.41433176693 0.588319559325 -0.228672050414 -0.348593630845
0.0107970143553 -0.268253470171 0.042688040976 0.817419127318 0.194441399005 0.480581830322 0.597042353248
0.0329819201069 -0.412616188102 0.442489674173 0.389587646522 -0.197007462221 -0.349716662138 0.594306459049
0.0135463538013 -0.0783286628726 -0.604227038982 -0.176045113259 -0.417396951727 -0.399006331884 0.129923091098
0.0680477258364 0.395860227706 -0.432582201381 0.135815232412 -0.36400206167 0.229725313093 -0.00557105555199
0.00812348442027 -0.279598032994 -0.407766711872 0.0579857559709 0.0923861656611 0.6086140963 -0.667725029535
0.0159182290138 -0.563678014399 0.26347180361 0.894961484299 0.666541799901 -0.174903303856 0.0531490969037
0.00767375111004 -0.89526334887 -0.185375880357 0.229816181654 -0.443920972149 -0.145353443336 0.754074985514
0.0125658450968 0.0931843210761 0.797473771964 -0.350952607637 0.327810364667 -0.39350345656 0.385212947964
0.00659097585755 0.334465879892 -0.0578215624519 0.0602878484298 0.566426344765 -0.311545684447 -0.22033574597
0.00858761786607 -0.232809206293 -1.04967283233 -0.0990828041395 0.245519724115 0.18715132527 -0.579431453759
0.00547488083699 0.0562527178548 0.362839238424 0.82258175582 0.320866399872 0.722790696828 -0.483762895841
0.00868396015888 -0.226998734004 -0.339999412741 -1.02892136244 -0.0162682377088 0.810792531182 0.414537364746
0.061789442077 -0.398054578608 -0.409136727259 -0.72120534059 -0.633508038325 -0.228431981973 -0.292075699422
0.00756331910594 0.951834757349 -0.126027433072 -0.596676917115 -0.159922766677 -0.0388586835292 -0.43237583435
0.00835595348286 0.859977925373 -0.0996644022397 -0.0694610566919 -0.420147088442 -0.325093967098 -0.627275205255
0.00581415089089 -0.474529222252 -0.471457961591 -0.454470863328 -0.431080304639 0.516074306996 0.642060796918
0.0321873296605 -0.0403105281659 -0.525655178024 0.326526968116 0.342838903015 0.0050772075841 0.22436435353
0.0113630032747 -0.689089767227 -0.72959052999 -0.0985786028336 0.311232576941 -0.171154874693 0.445788424636
0.0120764882066 0.453473404513 0.379624974464 0.678653196146 -0.0152866734932 -0.478638717977 0.349182695576
0.00642709569379 0.0528827004361 -0.595197636741 -0.939410916684 0.376580041474 -0.177379180149 0.509955447111
0.0163817368676 0.00364111793282 0.165448655534 -0.989844350707 -0.110474583602 0.330413467853 0.186929887101
0.00574333405338 -0.19187544451 -0.648707342325 -0.403963992246 0.254526659431 0.507818227884 -0.150886092596
0.00583818648514 -0.753242749752 0.779464227465 0.405601994435 -0.582741115059 -0.116355025405 -0.684621178733
0.00698737673462 0.554940706337 -0.049867176155 0.344869871084 -0.357282258008 0.174433539348 0.143911046198
0.0156786973558 -0.584269605415 0.627457520711 0.519082731432 -0.431736551715 0.0279329938701 0.795707252989
0.0122314944749 -0.471166301177 -0.330089175549 -0.840415289953 -0.837490390212 0.11779888918 -0.0401960242618
0.007297616057 0.462801846935 0.695288423959 0.0438394931124 0.105159111594 -0.433321422279 -0.670756951412
0.00982899960586 0.315291760433 -0.126498934061 -0.849797088504 0.620911739637 0.180982500266 0.527414194027
0.0262991278845 0.13906404485 0.998225523009 0.378256877737 -0.347031778258 0.23040857894 -0.539290574804
0.0225057000074 -0.471078992072 0.0299629788986 0.613841585245 0.0947669512573 0.499129326439 0.750128606797
0.00973485986768 -0.197598363132 0.577171336636 -0.210205458999 0.58587237166 0.20268658762 -0.485392931946
0.0479102548518 0.902939634444 -0.517296351317 -0.327315593447 0.590905827245 0.705101000853 -0.0471465012172
0.010209613231 0.313498574833 -0.571701599251 0.765461642941 0.00175347024341 -0.412399012655 0.352564806004
0.00977529136476 0.492501130046 0.523357230041 0.150314605948 -0.367559010494 -0.52337412151 -0.456348612668
0.0141998011343 0.0540563804729 -0.635743234654 0.135974672204 -0.76668992413 0.200172657301 -0.215155523819
0.0389567861679 0.159216023311 -0.25524595441 0.698128895538 -0.660903905442 -0.299365543353 -0.263287525659
0.0182694255479 -0.732078947378 0.144186053238 0.244498414391 0.250261088082 -0.615300257463 0.453260902184
0.0137592755215 0.0120891184098 -0.367008199024 -0.563948548535 0.222629939381 -0.690450312259 -0.140909457137
0.00542408760571 -0.293933368893 0.0210188323276 1.04399280868 0.0215146607606 0.573364511145 -0.0187672733433
0.00586564813942 0.374451340896 -0.861712214958 -0.564877919682 -0.407721310953 -0.157201768403 -0.693566054173
